0.000000 0.000000
0.001250 0.002483
0.002500 0.004931
0.003750 0.007345
0.005000 0.009726
0.006250 0.012072
0.007500 0.014385
0.008750 0.016664
0.010000 0.018910
0.011250 0.021122
0.012500 0.023302
0.013750 0.025449
0.015000 0.027564
0.016250 0.029645
0.017500 0.031695
0.018750 0.033713
0.020000 0.035698
0.021250 0.037652
0.022500 0.039575
0.023750 0.041466
0.025000 0.043325
0.026250 0.045154
0.027500 0.046952
0.028750 0.048719
0.030000 0.050456
0.031250 0.052162
0.032500 0.053838
0.033750 0.055484
0.035000 0.057100
0.036250 0.058687
0.037500 0.060244
0.038750 0.061772
0.040000 0.063271
0.041250 0.064741
0.042500 0.066182
0.043750 0.067594
0.045000 0.068978
0.046250 0.070334
0.047500 0.071662
0.048750 0.072961
0.050000 0.074234
0.051250 0.075478
0.052500 0.076695
0.053750 0.077885
0.055000 0.079048
0.056250 0.080184
0.057500 0.081294
0.058750 0.082377
0.060000 0.083433
0.061250 0.084464
0.062500 0.085468
0.063750 0.086447
0.065000 0.087400
0.066250 0.088328
0.067500 0.089230
0.068750 0.090107
0.070000 0.090960
0.071250 0.091787
0.072500 0.092590
0.073750 0.093369
0.075000 0.094123
0.076250 0.094853
0.077500 0.095560
0.078750 0.096243
0.080000 0.096902
0.081250 0.097538
0.082500 0.098150
0.083750 0.098740
0.085000 0.099307
0.086250 0.099851
0.087500 0.100373
0.088750 0.100872
0.090000 0.101350
0.091250 0.101805
0.092500 0.102239
0.093750 0.102651
0.095000 0.103041
0.096250 0.103410
0.097500 0.103759
0.098750 0.104086
0.100000 0.104392
0.101250 0.104679
0.102500 0.104944
0.103750 0.105190
0.105000 0.105415
0.106250 0.105621
0.107500 0.105806
0.108750 0.105973
0.110000 0.106120
0.111250 0.106248
0.112500 0.106357
0.113750 0.106447
0.115000 0.106518
0.116250 0.106571
0.117500 0.106606
0.118750 0.106623
0.120000 0.106621
0.121250 0.106602
0.122500 0.106565
0.123750 0.106511
0.125000 0.106440
0.126250 0.106352
0.127500 0.106247
0.128750 0.106125
0.130000 0.105986
0.131250 0.105831
0.132500 0.105660
0.133750 0.105473
0.135000 0.105270
0.136250 0.105052
0.137500 0.104818
0.138750 0.104568
0.140000 0.104304
0.141250 0.104025
0.142500 0.103730
0.143750 0.103422
0.145000 0.103098
0.146250 0.102761
0.147500 0.102409
0.148750 0.102044
0.150000 0.101664
0.151250 0.101272
0.152500 0.100865
0.153750 0.100446
0.155000 0.100014
0.156250 0.099568
0.157500 0.099110
0.158750 0.098640
0.160000 0.098157
0.161250 0.097662
0.162500 0.097155
0.163750 0.096636
0.165000 0.096106
0.166250 0.095564
0.167500 0.095010
0.168750 0.094446
0.170000 0.093871
0.171250 0.093285
0.172500 0.092688
0.173750 0.092081
0.175000 0.091464
0.176250 0.090837
0.177500 0.090199
0.178750 0.089552
0.180000 0.088896
0.181250 0.088230
0.182500 0.087555
0.183750 0.086871
0.185000 0.086178
0.186250 0.085476
0.187500 0.084766
0.188750 0.084048
0.190000 0.083321
0.191250 0.082587
0.192500 0.081845
0.193750 0.081095
0.195000 0.080337
0.196250 0.079573
0.197500 0.078801
0.198750 0.078022
0.200000 0.077237
0.201250 0.076445
0.202500 0.075647
0.203750 0.074842
0.205000 0.074031
0.206250 0.073215
0.207500 0.072393
0.208750 0.071565
0.210000 0.070732
0.211250 0.069894
0.212500 0.069051
0.213750 0.068203
0.215000 0.067350
0.216250 0.066493
0.217500 0.065631
0.218750 0.064766
0.220000 0.063896
0.221250 0.063023
0.222500 0.062146
0.223750 0.061266
0.225000 0.060382
0.226250 0.059495
0.227500 0.058606
0.228750 0.057714
0.230000 0.056819
0.231250 0.055922
0.232500 0.055022
0.233750 0.054121
0.235000 0.053217
0.236250 0.052313
0.237500 0.051406
0.238750 0.050498
0.240000 0.049589
0.241250 0.048680
0.242500 0.047769
0.243750 0.046858
0.245000 0.045946
0.246250 0.045034
0.247500 0.044122
0.248750 0.043209
0.250000 0.042298
0.251250 0.041386
0.252500 0.040475
0.253750 0.039565
0.255000 0.038656
0.256250 0.037748
0.257500 0.036842
0.258750 0.035936
0.260000 0.035033
0.261250 0.034131
0.262500 0.033231
0.263750 0.032334
0.265000 0.031439
0.266250 0.030546
0.267500 0.029656
0.268750 0.028769
0.270000 0.027885
0.271250 0.027004
0.272500 0.026126
0.273750 0.025252
0.275000 0.024382
0.276250 0.023516
0.277500 0.022654
0.278750 0.021796
0.280000 0.020942
0.281250 0.020094
0.282500 0.019249
0.283750 0.018410
0.285000 0.017576
0.286250 0.016748
0.287500 0.015925
0.288750 0.015107
0.290000 0.014296
0.291250 0.013490
0.292500 0.012691
0.293750 0.011898
0.295000 0.011111
0.296250 0.010331
0.297500 0.009558
0.298750 0.008793
0.300000 0.008034
0.301250 0.007283
0.302500 0.006539
0.303750 0.005803
0.305000 0.005075
0.306250 0.004356
0.307500 0.003644
0.308750 0.002941
0.310000 0.002247
0.311250 0.001561
0.312500 0.000885
0.313750 0.000217
0.315000 -0.000441
0.316250 -0.001089
0.317500 -0.001729
0.318750 -0.002359
0.320000 -0.002980
0.321250 -0.003592
0.322500 -0.004194
0.323750 -0.004788
0.325000 -0.005373
0.326250 -0.005948
0.327500 -0.006515
0.328750 -0.007073
0.330000 -0.007622
0.331250 -0.008162
0.332500 -0.008693
0.333750 -0.009216
0.335000 -0.009730
0.336250 -0.010236
0.337500 -0.010733
0.338750 -0.011221
0.340000 -0.011702
0.341250 -0.012173
0.342500 -0.012637
0.343750 -0.013092
0.345000 -0.013539
0.346250 -0.013977
0.347500 -0.014408
0.348750 -0.014830
0.350000 -0.015245
0.351250 -0.015651
0.352500 -0.016050
0.353750 -0.016440
0.355000 -0.016823
0.356250 -0.017198
0.357500 -0.017565
0.358750 -0.017925
0.360000 -0.018277
0.361250 -0.018621
0.362500 -0.018957
0.363750 -0.019287
0.365000 -0.019608
0.366250 -0.019923
0.367500 -0.020230
0.368750 -0.020529
0.370000 -0.020822
0.371250 -0.021107
0.372500 -0.021385
0.373750 -0.021656
0.375000 -0.021919
0.376250 -0.022176
0.377500 -0.022426
0.378750 -0.022669
0.380000 -0.022905
0.381250 -0.023134
0.382500 -0.023357
0.383750 -0.023572
0.385000 -0.023781
0.386250 -0.023984
0.387500 -0.024180
0.388750 -0.024369
0.390000 -0.024552
0.391250 -0.024728
0.392500 -0.024898
0.393750 -0.025062
0.395000 -0.025219
0.396250 -0.025370
0.397500 -0.025515
0.398750 -0.025654
0.400000 -0.025787
0.401250 -0.025913
0.402500 -0.026034
0.403750 -0.026149
0.405000 -0.026258
0.406250 -0.026361
0.407500 -0.026458
0.408750 -0.026549
0.410000 -0.026635
0.411250 -0.026715
0.412500 -0.026790
0.413750 -0.026859
0.415000 -0.026922
0.416250 -0.026980
0.417500 -0.027033
0.418750 -0.027080
0.420000 -0.027122
0.421250 -0.027159
0.422500 -0.027190
0.423750 -0.027216
0.425000 -0.027238
0.426250 -0.027254
0.427500 -0.027265
0.428750 -0.027271
0.430000 -0.027272
0.431250 -0.027269
0.432500 -0.027260
0.433750 -0.027247
0.435000 -0.027229
0.436250 -0.027206
0.437500 -0.027179
0.438750 -0.027147
0.440000 -0.027111
0.441250 -0.027070
0.442500 -0.027025
0.443750 -0.026975
0.445000 -0.026921
0.446250 -0.026863
0.447500 -0.026800
0.448750 -0.026734
0.450000 -0.026663
0.451250 -0.026588
0.452500 -0.026509
0.453750 -0.026426
0.455000 -0.026339
0.456250 -0.026248
0.457500 -0.026154
0.458750 -0.026055
0.460000 -0.025953
0.461250 -0.025847
0.462500 -0.025738
0.463750 -0.025625
0.465000 -0.025508
0.466250 -0.025388
0.467500 -0.025264
0.468750 -0.025137
0.470000 -0.025007
0.471250 -0.024873
0.472500 -0.024736
0.473750 -0.024596
0.475000 -0.024453
0.476250 -0.024306
0.477500 -0.024157
0.478750 -0.024004
0.480000 -0.023849
0.481250 -0.023691
0.482500 -0.023529
0.483750 -0.023365
0.485000 -0.023198
0.486250 -0.023029
0.487500 -0.022857
0.488750 -0.022682
0.490000 -0.022504
0.491250 -0.022324
0.492500 -0.022142
0.493750 -0.021957
0.495000 -0.021770
0.496250 -0.021580
0.497500 -0.021389
0.498750 -0.021195
0.500000 -0.020998
0.501250 -0.020800
0.502500 -0.020599
0.503750 -0.020397
0.505000 -0.020192
0.506250 -0.019986
0.507500 -0.019778
0.508750 -0.019567
0.510000 -0.019356
0.511250 -0.019142
0.512500 -0.018926
0.513750 -0.018709
0.515000 -0.018491
0.516250 -0.018271
0.517500 -0.018049
0.518750 -0.017826
0.520000 -0.017601
0.521250 -0.017375
0.522500 -0.017148
0.523750 -0.016920
0.525000 -0.016690
0.526250 -0.016459
0.527500 -0.016227
0.528750 -0.015994
0.530000 -0.015760
0.531250 -0.015525
0.532500 -0.015289
0.533750 -0.015053
0.535000 -0.014815
0.536250 -0.014577
0.537500 -0.014338
0.538750 -0.014098
0.540000 -0.013858
0.541250 -0.013617
0.542500 -0.013375
0.543750 -0.013133
0.545000 -0.012891
0.546250 -0.012648
0.547500 -0.012405
0.548750 -0.012162
0.550000 -0.011918
0.551250 -0.011675
0.552500 -0.011431
0.553750 -0.011187
0.555000 -0.010943
0.556250 -0.010699
0.557500 -0.010455
0.558750 -0.010211
0.560000 -0.009968
0.561250 -0.009724
0.562500 -0.009481
0.563750 -0.009238
0.565000 -0.008996
0.566250 -0.008754
0.567500 -0.008512
0.568750 -0.008271
0.570000 -0.008030
0.571250 -0.007790
0.572500 -0.007551
0.573750 -0.007312
0.575000 -0.007074
0.576250 -0.006837
0.577500 -0.006601
0.578750 -0.006366
0.580000 -0.006131
0.581250 -0.005898
0.582500 -0.005665
0.583750 -0.005434
0.585000 -0.005204
0.586250 -0.004975
0.587500 -0.004747
0.588750 -0.004521
0.590000 -0.004296
0.591250 -0.004072
0.592500 -0.003850
0.593750 -0.003629
0.595000 -0.003410
0.596250 -0.003192
0.597500 -0.002976
0.598750 -0.002761
0.600000 -0.002549
0.601250 -0.002338
0.602500 -0.002129
0.603750 -0.001921
0.605000 -0.001716
0.606250 -0.001513
0.607500 -0.001311
0.608750 -0.001112
0.610000 -0.000915
0.611250 -0.000720
0.612500 -0.000527
0.613750 -0.000337
0.615000 -0.000148
0.616250 0.000038
0.617500 0.000221
0.618750 0.000402
0.620000 0.000580
0.621250 0.000756
0.622500 0.000930
0.623750 0.001100
0.625000 0.001268
0.626250 0.001434
0.627500 0.001596
0.628750 0.001756
0.630000 0.001912
0.631250 0.002066
0.632500 0.002218
0.633750 0.002366
0.635000 0.002512
0.636250 0.002655
0.637500 0.002795
0.638750 0.002934
0.640000 0.003069
0.641250 0.003202
0.642500 0.003333
0.643750 0.003462
0.645000 0.003588
0.646250 0.003712
0.647500 0.003833
0.648750 0.003953
0.650000 0.004070
0.651250 0.004186
0.652500 0.004299
0.653750 0.004411
0.655000 0.004521
0.656250 0.004628
0.657500 0.004734
0.658750 0.004839
0.660000 0.004941
0.661250 0.005042
0.662500 0.005141
0.663750 0.005239
0.665000 0.005335
0.666250 0.005430
0.667500 0.005524
0.668750 0.005616
0.670000 0.005706
0.671250 0.005796
0.672500 0.005884
0.673750 0.005971
0.675000 0.006057
0.676250 0.006142
0.677500 0.006225
0.678750 0.006308
0.680000 0.006390
0.681250 0.006471
0.682500 0.006551
0.683750 0.006631
0.685000 0.006709
0.686250 0.006787
0.687500 0.006865
0.688750 0.006941
0.690000 0.007017
0.691250 0.007093
0.692500 0.007168
0.693750 0.007243
0.695000 0.007318
0.696250 0.007392
0.697500 0.007466
0.698750 0.007540
0.700000 0.007613
0.701250 0.007687
0.702500 0.007760
0.703750 0.007833
0.705000 0.007907
0.706250 0.007980
0.707500 0.008054
0.708750 0.008128
0.710000 0.008202
0.711250 0.008276
0.712500 0.008351
0.713750 0.008426
0.715000 0.008502
0.716250 0.008578
0.717500 0.008654
0.718750 0.008731
0.720000 0.008809
0.721250 0.008887
0.722500 0.008966
0.723750 0.009046
0.725000 0.009126
0.726250 0.009208
0.727500 0.009290
0.728750 0.009374
0.730000 0.009458
0.731250 0.009543
0.732500 0.009630
0.733750 0.009717
0.735000 0.009806
0.736250 0.009896
0.737500 0.009988
0.738750 0.010080
0.740000 0.010174
0.741250 0.010270
0.742500 0.010367
0.743750 0.010466
0.745000 0.010566
0.746250 0.010667
0.747500 0.010771
0.748750 0.010876
0.750000 0.010983
0.751250 0.011092
0.752500 0.011202
0.753750 0.011315
0.755000 0.011429
0.756250 0.011546
0.757500 0.011665
0.758750 0.011785
0.760000 0.011908
0.761250 0.012033
0.762500 0.012161
0.763750 0.012290
0.765000 0.012422
0.766250 0.012557
0.767500 0.012694
0.768750 0.012833
0.770000 0.012975
0.771250 0.013120
0.772500 0.013267
0.773750 0.013417
0.775000 0.013569
0.776250 0.013725
0.777500 0.013883
0.778750 0.014044
0.780000 0.014208
0.781250 0.014375
0.782500 0.014545
0.783750 0.014718
0.785000 0.014895
0.786250 0.015074
0.787500 0.015257
0.788750 0.015443
0.790000 0.015632
0.791250 0.015825
0.792500 0.016021
0.793750 0.016220
0.795000 0.016423
0.796250 0.016630
0.797500 0.016840
0.798750 0.017054
0.800000 0.017272
0.801250 0.017493
0.802500 0.017718
0.803750 0.017947
0.805000 0.018180
0.806250 0.018417
0.807500 0.018658
0.808750 0.018903
0.810000 0.019152
0.811250 0.019405
0.812500 0.019662
0.813750 0.019924
0.815000 0.020190
0.816250 0.020460
0.817500 0.020734
0.818750 0.021013
0.820000 0.021297
0.821250 0.021585
0.822500 0.021877
0.823750 0.022175
0.825000 0.022477
0.826250 0.022783
0.827500 0.023095
0.828750 0.023411
0.830000 0.023732
0.831250 0.024058
0.832500 0.024389
0.833750 0.024725
0.835000 0.025066
0.836250 0.025412
0.837500 0.025763
0.838750 0.026120
0.840000 0.026482
0.841250 0.026849
0.842500 0.027221
0.843750 0.027599
0.845000 0.027982
0.846250 0.028371
0.847500 0.028765
0.848750 0.029165
0.850000 0.029571
0.851250 0.029982
0.852500 0.030399
0.853750 0.030822
0.855000 0.031250
0.856250 0.031685
0.857500 0.032125
0.858750 0.032572
0.860000 0.033024
0.861250 0.033482
0.862500 0.033947
0.863750 0.034418
0.865000 0.034895
0.866250 0.035378
0.867500 0.035868
0.868750 0.036364
0.870000 0.036866
0.871250 0.037375
0.872500 0.037890
0.873750 0.038412
0.875000 0.038941
0.876250 0.039476
0.877500 0.040018
0.878750 0.040566
0.880000 0.041122
0.881250 0.041684
0.882500 0.042253
0.883750 0.042829
0.885000 0.043412
0.886250 0.044002
0.887500 0.044600
0.888750 0.045204
0.890000 0.045815
0.891250 0.046434
0.892500 0.047060
0.893750 0.047694
0.895000 0.048334
0.896250 0.048983
0.897500 0.049638
0.898750 0.050302
0.900000 0.050972
0.901250 0.051651
0.902500 0.052337
0.903750 0.053031
0.905000 0.053732
0.906250 0.054442
0.907500 0.055159
0.908750 0.055884
0.910000 0.056617
0.911250 0.057358
0.912500 0.058107
0.913750 0.058865
0.915000 0.059630
0.916250 0.060404
0.917500 0.061185
0.918750 0.061976
0.920000 0.062774
0.921250 0.063581
0.922500 0.064396
0.923750 0.065220
0.925000 0.066053
0.926250 0.066894
0.927500 0.067743
0.928750 0.068602
0.930000 0.069469
0.931250 0.070344
0.932500 0.071229
0.933750 0.072123
0.935000 0.073025
0.936250 0.073936
0.937500 0.074857
0.938750 0.075786
0.940000 0.076725
0.941250 0.077673
0.942500 0.078630
0.943750 0.079596
0.945000 0.080572
0.946250 0.081556
0.947500 0.082550
0.948750 0.083553
0.950000 0.084566
0.951250 0.085587
0.952500 0.086617
0.953750 0.087657
0.955000 0.088705
0.956250 0.089763
0.957500 0.090829
0.958750 0.091905
0.960000 0.092989
0.961250 0.094083
0.962500 0.095185
0.963750 0.096296
0.965000 0.097416
0.966250 0.098545
0.967500 0.099682
0.968750 0.100829
0.970000 0.101984
0.971250 0.103147
0.972500 0.104320
0.973750 0.105501
0.975000 0.106691
0.976250 0.107889
0.977500 0.109096
0.978750 0.110312
0.980000 0.111536
0.981250 0.112769
0.982500 0.114010
0.983750 0.115260
0.985000 0.116518
0.986250 0.117784
0.987500 0.119059
0.988750 0.120343
0.990000 0.121634
0.991250 0.122934
0.992500 0.124242
0.993750 0.125559
0.995000 0.126884
0.996250 0.128217
0.997500 0.129558
0.998750 0.130907
1.000000 0.132265
1.001250 0.133631
1.002500 0.135005
1.003750 0.136386
1.005000 0.137776
1.006250 0.139174
1.007500 0.140580
1.008750 0.141994
1.010000 0.143416
1.011250 0.144846
1.012500 0.146284
1.013750 0.147729
1.015000 0.149183
1.016250 0.150644
1.017500 0.152113
1.018750 0.153590
1.020000 0.155075
1.021250 0.156567
1.022500 0.158068
1.023750 0.159575
1.025000 0.161091
1.026250 0.162614
1.027500 0.164145
1.028750 0.165683
1.030000 0.167229
1.031250 0.168782
1.032500 0.170343
1.033750 0.171912
1.035000 0.173488
1.036250 0.175071
1.037500 0.176662
1.038750 0.178260
1.040000 0.179865
1.041250 0.181478
1.042500 0.183098
1.043750 0.184726
1.045000 0.186360
1.046250 0.188002
1.047500 0.189651
1.048750 0.191308
1.050000 0.192971
1.051250 0.194642
1.052500 0.196320
1.053750 0.198005
1.055000 0.199697
1.056250 0.201396
1.057500 0.203102
1.058750 0.204815
1.060000 0.206535
1.061250 0.208261
1.062500 0.209995
1.063750 0.211736
1.065000 0.213484
1.066250 0.215238
1.067500 0.216999
1.068750 0.218767
1.070000 0.220542
1.071250 0.222324
1.072500 0.224112
1.073750 0.225907
1.075000 0.227709
1.076250 0.229517
1.077500 0.231332
1.078750 0.233154
1.080000 0.234982
1.081250 0.236817
1.082500 0.238658
1.083750 0.240506
1.085000 0.242360
1.086250 0.244221
1.087500 0.246088
1.088750 0.247961
1.090000 0.249841
1.091250 0.251728
1.092500 0.253620
1.093750 0.255519
1.095000 0.257424
1.096250 0.259336
1.097500 0.261253
1.098750 0.263177
1.100000 0.265107
1.101250 0.267043
1.102500 0.268986
1.103750 0.270934
1.105000 0.272889
1.106250 0.274849
1.107500 0.276816
1.108750 0.278789
1.110000 0.280767
1.111250 0.282752
1.112500 0.284742
1.113750 0.286739
1.115000 0.288741
1.116250 0.290749
1.117500 0.292763
1.118750 0.294783
1.120000 0.296809
1.121250 0.298840
1.122500 0.300877
1.123750 0.302920
1.125000 0.304969
1.126250 0.307023
1.127500 0.309083
1.128750 0.311148
1.130000 0.313219
1.131250 0.315296
1.132500 0.317378
1.133750 0.319466
1.135000 0.321559
1.136250 0.323657
1.137500 0.325761
1.138750 0.327871
1.140000 0.329986
1.141250 0.332106
1.142500 0.334232
1.143750 0.336363
1.145000 0.338499
1.146250 0.340640
1.147500 0.342787
1.148750 0.344939
1.150000 0.347096
1.151250 0.349258
1.152500 0.351426
1.153750 0.353599
1.155000 0.355776
1.156250 0.357959
1.157500 0.360147
1.158750 0.362340
1.160000 0.364538
1.161250 0.366740
1.162500 0.368948
1.163750 0.371161
1.165000 0.373378
1.166250 0.375601
1.167500 0.377828
1.168750 0.380060
1.170000 0.382297
1.171250 0.384539
1.172500 0.386786
1.173750 0.389037
1.175000 0.391293
1.176250 0.393553
1.177500 0.395819
1.178750 0.398088
1.180000 0.400363
1.181250 0.402642
1.182500 0.404926
1.183750 0.407214
1.185000 0.409506
1.186250 0.411804
1.187500 0.414105
1.188750 0.416411
1.190000 0.418722
1.191250 0.421037
1.192500 0.423356
1.193750 0.425679
1.195000 0.428007
1.196250 0.430339
1.197500 0.432676
1.198750 0.435016
1.200000 0.437361
1.201250 0.439710
1.202500 0.442063
1.203750 0.444421
1.205000 0.446782
1.206250 0.449148
1.207500 0.451517
1.208750 0.453891
1.210000 0.456268
1.211250 0.458650
1.212500 0.461036
1.213750 0.463425
1.215000 0.465819
1.216250 0.468216
1.217500 0.470617
1.218750 0.473022
1.220000 0.475431
1.221250 0.477844
1.222500 0.480260
1.223750 0.482680
1.225000 0.485104
1.226250 0.487532
1.227500 0.489963
1.228750 0.492398
1.230000 0.494837
1.231250 0.497279
1.232500 0.499724
1.233750 0.502174
1.235000 0.504626
1.236250 0.507083
1.237500 0.509542
1.238750 0.512006
1.240000 0.514472
1.241250 0.516942
1.242500 0.519416
1.243750 0.521892
1.245000 0.524372
1.246250 0.526856
1.247500 0.529342
1.248750 0.531832
1.250000 0.534325
1.251250 0.536822
1.252500 0.539321
1.253750 0.541824
1.255000 0.544329
1.256250 0.546838
1.257500 0.549351
1.258750 0.551865
1.260000 0.554383
1.261250 0.556904
1.262500 0.559427
1.263750 0.561953
1.265000 0.564481
1.266250 0.567012
1.267500 0.569545
1.268750 0.572080
1.270000 0.574618
1.271250 0.577157
1.272500 0.579698
1.273750 0.582241
1.275000 0.584785
1.276250 0.587331
1.277500 0.589878
1.278750 0.592427
1.280000 0.594977
1.281250 0.597528
1.282500 0.600080
1.283750 0.602633
1.285000 0.605187
1.286250 0.607742
1.287500 0.610297
1.288750 0.612852
1.290000 0.615408
1.291250 0.617965
1.292500 0.620521
1.293750 0.623078
1.295000 0.625634
1.296250 0.628191
1.297500 0.630747
1.298750 0.633303
1.300000 0.635858
1.301250 0.638413
1.302500 0.640967
1.303750 0.643521
1.305000 0.646073
1.306250 0.648625
1.307500 0.651176
1.308750 0.653725
1.310000 0.656273
1.311250 0.658820
1.312500 0.661365
1.313750 0.663909
1.315000 0.666451
1.316250 0.668991
1.317500 0.671529
1.318750 0.674066
1.320000 0.676600
1.321250 0.679132
1.322500 0.681662
1.323750 0.684189
1.325000 0.686714
1.326250 0.689236
1.327500 0.691755
1.328750 0.694272
1.330000 0.696785
1.331250 0.699296
1.332500 0.701803
1.333750 0.704307
1.335000 0.706808
1.336250 0.709305
1.337500 0.711799
1.338750 0.714289
1.340000 0.716775
1.341250 0.719258
1.342500 0.721736
1.343750 0.724210
1.345000 0.726680
1.346250 0.729146
1.347500 0.731608
1.348750 0.734065
1.350000 0.736517
1.351250 0.738965
1.352500 0.741407
1.353750 0.743845
1.355000 0.746278
1.356250 0.748706
1.357500 0.751128
1.358750 0.753545
1.360000 0.755957
1.361250 0.758363
1.362500 0.760764
1.363750 0.763158
1.365000 0.765547
1.366250 0.767930
1.367500 0.770307
1.368750 0.772678
1.370000 0.775042
1.371250 0.777400
1.372500 0.779752
1.373750 0.782097
1.375000 0.784435
1.376250 0.786766
1.377500 0.789091
1.378750 0.791408
1.380000 0.793719
1.381250 0.796022
1.382500 0.798318
1.383750 0.800606
1.385000 0.802887
1.386250 0.805161
1.387500 0.807426
1.388750 0.809684
1.390000 0.811934
1.391250 0.814175
1.392500 0.816409
1.393750 0.818634
1.395000 0.820851
1.396250 0.823060
1.397500 0.825260
1.398750 0.827451
1.400000 0.829633
1.401250 0.831807
1.402500 0.833971
1.403750 0.836127
1.405000 0.838273
1.406250 0.840410
1.407500 0.842538
1.408750 0.844656
1.410000 0.846764
1.411250 0.848863
1.412500 0.850952
1.413750 0.853031
1.415000 0.855100
1.416250 0.857159
1.417500 0.859208
1.418750 0.861246
1.420000 0.863274
1.421250 0.865291
1.422500 0.867298
1.423750 0.869294
1.425000 0.871279
1.426250 0.873253
1.427500 0.875216
1.428750 0.877167
1.430000 0.879108
1.431250 0.881037
1.432500 0.882955
1.433750 0.884861
1.435000 0.886755
1.436250 0.888638
1.437500 0.890508
1.438750 0.892367
1.440000 0.894213
1.441250 0.896048
1.442500 0.897870
1.443750 0.899679
1.445000 0.901476
1.446250 0.903260
1.447500 0.905032
1.448750 0.906791
1.450000 0.908537
1.451250 0.910270
1.452500 0.911989
1.453750 0.913696
1.455000 0.915389
1.456250 0.917068
1.457500 0.918734
1.458750 0.920386
1.460000 0.922025
1.461250 0.923650
1.462500 0.925260
1.463750 0.926857
1.465000 0.928439
1.466250 0.930007
1.467500 0.931561
1.468750 0.933100
1.470000 0.934624
1.471250 0.936134
1.472500 0.937629
1.473750 0.939109
1.475000 0.940574
1.476250 0.942024
1.477500 0.943459
1.478750 0.944878
1.480000 0.946282
1.481250 0.947670
1.482500 0.949043
1.483750 0.950400
1.485000 0.951741
1.486250 0.953066
1.487500 0.954375
1.488750 0.955667
1.490000 0.956944
1.491250 0.958204
1.492500 0.959448
1.493750 0.960675
1.495000 0.961885
1.496250 0.963078
1.497500 0.964255
1.498750 0.965415
1.500000 0.966557
1.501250 0.967682
1.502500 0.968790
1.503750 0.969881
1.505000 0.970954
1.506250 0.972009
1.507500 0.973047
1.508750 0.974066
1.510000 0.975068
1.511250 0.976052
1.512500 0.977017
1.513750 0.977965
1.515000 0.978894
1.516250 0.979804
1.517500 0.980696
1.518750 0.981569
1.520000 0.982424
1.521250 0.983259
1.522500 0.984076
1.523750 0.984873
1.525000 0.985651
1.526250 0.986410
1.527500 0.987150
1.528750 0.987870
1.530000 0.988570
1.531250 0.989251
1.532500 0.989912
1.533750 0.990553
1.535000 0.991174
1.536250 0.991774
1.537500 0.992355
1.538750 0.992915
1.540000 0.993455
1.541250 0.993974
1.542500 0.994472
1.543750 0.994950
1.545000 0.995407
1.546250 0.995843
1.547500 0.996258
1.548750 0.996651
1.550000 0.997024
1.551250 0.997375
1.552500 0.997704
1.553750 0.998012
1.555000 0.998298
1.556250 0.998562
1.557500 0.998805
1.558750 0.999025
1.560000 0.999223
1.561250 0.999400
1.562500 0.999553
1.563750 0.999685
1.565000 0.999793
1.566250 0.999880
1.567500 0.999943
1.568750 0.999983
1.570000 1.000001
1.571250 0.999995
1.572500 0.999967
1.573750 0.999915
1.575000 0.999841
1.576250 0.999744
1.577500 0.999624
1.578750 0.999481
1.580000 0.999317
1.581250 0.999129
1.582500 0.998920
1.583750 0.998688
1.585000 0.998435
1.586250 0.998159
1.587500 0.997862
1.588750 0.997543
1.590000 0.997202
1.591250 0.996840
1.592500 0.996457
1.593750 0.996052
1.595000 0.995626
1.596250 0.995179
1.597500 0.994711
1.598750 0.994222
1.600000 0.993712
1.601250 0.993182
1.602500 0.992631
1.603750 0.992060
1.605000 0.991468
1.606250 0.990856
1.607500 0.990224
1.608750 0.989572
1.610000 0.988901
1.611250 0.988209
1.612500 0.987498
1.613750 0.986767
1.615000 0.986016
1.616250 0.985246
1.617500 0.984457
1.618750 0.983649
1.620000 0.982821
1.621250 0.981975
1.622500 0.981110
1.623750 0.980226
1.625000 0.979324
1.626250 0.978402
1.627500 0.977463
1.628750 0.976505
1.630000 0.975529
1.631250 0.974535
1.632500 0.973523
1.633750 0.972493
1.635000 0.971445
1.636250 0.970379
1.637500 0.969296
1.638750 0.968196
1.640000 0.967078
1.641250 0.965942
1.642500 0.964790
1.643750 0.963621
1.645000 0.962434
1.646250 0.961231
1.647500 0.960011
1.648750 0.958774
1.650000 0.957521
1.651250 0.956252
1.652500 0.954966
1.653750 0.953664
1.655000 0.952346
1.656250 0.951012
1.657500 0.949662
1.658750 0.948296
1.660000 0.946914
1.661250 0.945517
1.662500 0.944105
1.663750 0.942677
1.665000 0.941234
1.666250 0.939776
1.667500 0.938302
1.668750 0.936814
1.670000 0.935311
1.671250 0.933793
1.672500 0.932261
1.673750 0.930714
1.675000 0.929153
1.676250 0.927577
1.677500 0.925987
1.678750 0.924383
1.680000 0.922766
1.681250 0.921134
1.682500 0.919488
1.683750 0.917829
1.685000 0.916156
1.686250 0.914470
1.687500 0.912771
1.688750 0.911058
1.690000 0.909332
1.691250 0.907593
1.692500 0.905841
1.693750 0.904077
1.695000 0.902299
1.696250 0.900509
1.697500 0.898707
1.698750 0.896892
1.700000 0.895065
1.701250 0.893225
1.702500 0.891374
1.703750 0.889511
1.705000 0.887635
1.706250 0.885748
1.707500 0.883850
1.708750 0.881939
1.710000 0.880018
1.711250 0.878085
1.712500 0.876140
1.713750 0.874185
1.715000 0.872219
1.716250 0.870242
1.717500 0.868253
1.718750 0.866255
1.720000 0.864245
1.721250 0.862225
1.722500 0.860195
1.723750 0.858155
1.725000 0.856104
1.726250 0.854043
1.727500 0.851973
1.728750 0.849892
1.730000 0.847802
1.731250 0.845702
1.732500 0.843592
1.733750 0.841473
1.735000 0.839345
1.736250 0.837208
1.737500 0.835061
1.738750 0.832906
1.740000 0.830741
1.741250 0.828568
1.742500 0.826386
1.743750 0.824195
1.745000 0.821996
1.746250 0.819789
1.747500 0.817573
1.748750 0.815350
1.750000 0.813118
1.751250 0.810878
1.752500 0.808630
1.753750 0.806375
1.755000 0.804112
1.756250 0.801841
1.757500 0.799563
1.758750 0.797278
1.760000 0.794986
1.761250 0.792686
1.762500 0.790380
1.763750 0.788066
1.765000 0.785746
1.766250 0.783419
1.767500 0.781085
1.768750 0.778746
1.770000 0.776399
1.771250 0.774047
1.772500 0.771688
1.773750 0.769323
1.775000 0.766953
1.776250 0.764576
1.777500 0.762194
1.778750 0.759806
1.780000 0.757413
1.781250 0.755014
1.782500 0.752610
1.783750 0.750201
1.785000 0.747786
1.786250 0.745367
1.787500 0.742943
1.788750 0.740514
1.790000 0.738080
1.791250 0.735642
1.792500 0.733199
1.793750 0.730752
1.795000 0.728301
1.796250 0.725846
1.797500 0.723386
1.798750 0.720923
1.800000 0.718456
1.801250 0.715985
1.802500 0.713510
1.803750 0.711032
1.805000 0.708551
1.806250 0.706066
1.807500 0.703578
1.808750 0.701088
1.810000 0.698594
1.811250 0.696097
1.812500 0.693597
1.813750 0.691095
1.815000 0.688591
1.816250 0.686083
1.817500 0.683574
1.818750 0.681062
1.820000 0.678548
1.821250 0.676032
1.822500 0.673515
1.823750 0.670995
1.825000 0.668474
1.826250 0.665951
1.827500 0.663427
1.828750 0.660901
1.830000 0.658374
1.831250 0.655846
1.832500 0.653316
1.833750 0.650786
1.835000 0.648255
1.836250 0.645723
1.837500 0.643191
1.838750 0.640658
1.840000 0.638124
1.841250 0.635591
1.842500 0.633057
1.843750 0.630522
1.845000 0.627988
1.846250 0.625454
1.847500 0.622921
1.848750 0.620387
1.850000 0.617854
1.851250 0.615321
1.852500 0.612790
1.853750 0.610258
1.855000 0.607728
1.856250 0.605199
1.857500 0.602670
1.858750 0.600143
1.860000 0.597617
1.861250 0.595093
1.862500 0.592570
1.863750 0.590048
1.865000 0.587528
1.866250 0.585010
1.867500 0.582494
1.868750 0.579980
1.870000 0.577468
1.871250 0.574958
1.872500 0.572451
1.873750 0.569946
1.875000 0.567443
1.876250 0.564943
1.877500 0.562446
1.878750 0.559952
1.880000 0.557461
1.881250 0.554972
1.882500 0.552487
1.883750 0.550005
1.885000 0.547529
1.886250 0.545054
1.887500 0.542582
1.888750 0.540114
1.890000 0.537650
1.891250 0.535189
1.892500 0.532732
1.893750 0.530278
1.895000 0.527828
1.896250 0.525382
1.897500 0.522939
1.898750 0.520499
1.900000 0.518064
1.901250 0.515632
1.902500 0.513204
1.903750 0.510779
1.905000 0.508359
1.906250 0.505942
1.907500 0.503528
1.908750 0.501119
1.910000 0.498713
1.911250 0.496312
1.912500 0.493914
1.913750 0.491519
1.915000 0.489129
1.916250 0.486743
1.917500 0.484360
1.918750 0.481981
1.920000 0.479607
1.921250 0.477236
1.922500 0.474869
1.923750 0.472506
1.925000 0.470148
1.926250 0.467793
1.927500 0.465442
1.928750 0.463095
1.930000 0.460753
1.931250 0.458414
1.932500 0.456079
1.933750 0.453749
1.935000 0.451423
1.936250 0.449101
1.937500 0.446783
1.938750 0.444469
1.940000 0.442159
1.941250 0.439854
1.942500 0.437553
1.943750 0.435256
1.945000 0.432963
1.946250 0.430675
1.947500 0.428390
1.948750 0.426111
1.950000 0.423835
1.951250 0.421564
1.952500 0.419297
1.953750 0.417035
1.955000 0.414777
1.956250 0.412523
1.957500 0.410274
1.958750 0.408029
1.960000 0.405789
1.961250 0.403553
1.962500 0.401321
1.963750 0.399094
1.965000 0.396872
1.966250 0.394654
1.967500 0.392441
1.968750 0.390232
1.970000 0.388028
1.971250 0.385829
1.972500 0.383634
1.973750 0.381443
1.975000 0.379258
1.976250 0.377077
1.977500 0.374901
1.978750 0.372729
1.980000 0.370562
1.981250 0.368400
1.982500 0.366243
1.983750 0.364090
1.985000 0.361942
1.986250 0.359799
1.987500 0.357661
1.988750 0.355528
1.990000 0.353399
1.991250 0.351275
1.992500 0.349157
1.993750 0.347043
1.995000 0.344934
1.996250 0.342830
1.997500 0.340731
1.998750 0.338636
2.000000 0.336547
2.001250 0.334463
2.002500 0.332384
2.003750 0.330310
2.005000 0.328241
2.006250 0.326177
2.007500 0.324118
2.008750 0.322064
2.010000 0.320015
2.011250 0.317972
2.012500 0.315933
2.013750 0.313900
2.015000 0.311872
2.016250 0.309849
2.017500 0.307831
2.018750 0.305819
2.020000 0.303811
2.021250 0.301809
2.022500 0.299813
2.023750 0.297821
2.025000 0.295835
2.026250 0.293854
2.027500 0.291879
2.028750 0.289909
2.030000 0.287944
2.031250 0.285985
2.032500 0.284031
2.033750 0.282082
2.035000 0.280139
2.036250 0.278202
2.037500 0.276269
2.038750 0.274343
2.040000 0.272422
2.041250 0.270506
2.042500 0.268596
2.043750 0.266691
2.045000 0.264793
2.046250 0.262899
2.047500 0.261011
2.048750 0.259129
2.050000 0.257253
2.051250 0.255382
2.052500 0.253517
2.053750 0.251657
2.055000 0.249803
2.056250 0.247955
2.057500 0.246113
2.058750 0.244276
2.060000 0.242446
2.061250 0.240621
2.062500 0.238801
2.063750 0.236988
2.065000 0.235180
2.066250 0.233379
2.067500 0.231583
2.068750 0.229793
2.070000 0.228009
2.071250 0.226230
2.072500 0.224458
2.073750 0.222692
2.075000 0.220932
2.076250 0.219177
2.077500 0.217429
2.078750 0.215687
2.080000 0.213950
2.081250 0.212220
2.082500 0.210496
2.083750 0.208778
2.085000 0.207066
2.086250 0.205360
2.087500 0.203660
2.088750 0.201967
2.090000 0.200279
2.091250 0.198598
2.092500 0.196923
2.093750 0.195254
2.095000 0.193591
2.096250 0.191935
2.097500 0.190285
2.098750 0.188641
2.100000 0.187003
2.101250 0.185372
2.102500 0.183747
2.103750 0.182129
2.105000 0.180516
2.106250 0.178911
2.107500 0.177311
2.108750 0.175718
2.110000 0.174131
2.111250 0.172551
2.112500 0.170978
2.113750 0.169410
2.115000 0.167850
2.116250 0.166295
2.117500 0.164748
2.118750 0.163207
2.120000 0.161672
2.121250 0.160144
2.122500 0.158622
2.123750 0.157108
2.125000 0.155599
2.126250 0.154098
2.127500 0.152603
2.128750 0.151115
2.130000 0.149633
2.131250 0.148158
2.132500 0.146690
2.133750 0.145229
2.135000 0.143774
2.136250 0.142326
2.137500 0.140885
2.138750 0.139451
2.140000 0.138023
2.141250 0.136603
2.142500 0.135189
2.143750 0.133782
2.145000 0.132382
2.146250 0.130989
2.147500 0.129603
2.148750 0.128224
2.150000 0.126851
2.151250 0.125486
2.152500 0.124128
2.153750 0.122776
2.155000 0.121432
2.156250 0.120095
2.157500 0.118764
2.158750 0.117441
2.160000 0.116125
2.161250 0.114816
2.162500 0.113514
2.163750 0.112220
2.165000 0.110932
2.166250 0.109652
2.167500 0.108378
2.168750 0.107112
2.170000 0.105853
2.171250 0.104602
2.172500 0.103357
2.173750 0.102120
2.175000 0.100891
2.176250 0.099668
2.177500 0.098453
2.178750 0.097245
2.180000 0.096044
2.181250 0.094851
2.182500 0.093665
2.183750 0.092487
2.185000 0.091316
2.186250 0.090153
2.187500 0.088996
2.188750 0.087848
2.190000 0.086707
2.191250 0.085573
2.192500 0.084447
2.193750 0.083328
2.195000 0.082217
2.196250 0.081114
2.197500 0.080018
2.198750 0.078929
2.200000 0.077849
2.201250 0.076775
2.202500 0.075710
2.203750 0.074652
2.205000 0.073602
2.206250 0.072559
2.207500 0.071523
2.208750 0.070495
2.210000 0.069475
2.211250 0.068462
2.212500 0.067456
2.213750 0.066458
2.215000 0.065468
2.216250 0.064485
2.217500 0.063509
2.218750 0.062540
2.220000 0.061579
2.221250 0.060625
2.222500 0.059679
2.223750 0.058739
2.225000 0.057807
2.226250 0.056883
2.227500 0.055965
2.228750 0.055055
2.230000 0.054152
2.231250 0.053256
2.232500 0.052368
2.233750 0.051486
2.235000 0.050612
2.236250 0.049744
2.237500 0.048884
2.238750 0.048031
2.240000 0.047185
2.241250 0.046346
2.242500 0.045514
2.243750 0.044690
2.245000 0.043872
2.246250 0.043061
2.247500 0.042257
2.248750 0.041460
2.250000 0.040670
2.251250 0.039887
2.252500 0.039111
2.253750 0.038341
2.255000 0.037579
2.256250 0.036823
2.257500 0.036074
2.258750 0.035332
2.260000 0.034597
2.261250 0.033869
2.262500 0.033147
2.263750 0.032432
2.265000 0.031724
2.266250 0.031023
2.267500 0.030328
2.268750 0.029640
2.270000 0.028958
2.271250 0.028284
2.272500 0.027615
2.273750 0.026954
2.275000 0.026299
2.276250 0.025650
2.277500 0.025009
2.278750 0.024373
2.280000 0.023745
2.281250 0.023122
2.282500 0.022506
2.283750 0.021897
2.285000 0.021294
2.286250 0.020698
2.287500 0.020108
2.288750 0.019524
2.290000 0.018947
2.291250 0.018376
2.292500 0.017812
2.293750 0.017253
2.295000 0.016702
2.296250 0.016156
2.297500 0.015617
2.298750 0.015084
2.300000 0.014557
2.301250 0.014036
2.302500 0.013522
2.303750 0.013014
2.305000 0.012512
2.306250 0.012016
2.307500 0.011527
2.308750 0.011043
2.310000 0.010566
2.311250 0.010094
2.312500 0.009629
2.313750 0.009170
2.315000 0.008717
2.316250 0.008270
2.317500 0.007829
2.318750 0.007394
2.320000 0.006964
2.321250 0.006541
2.322500 0.006124
2.323750 0.005713
2.325000 0.005307
2.326250 0.004908
2.327500 0.004514
2.328750 0.004126
2.330000 0.003744
2.331250 0.003368
2.332500 0.002998
2.333750 0.002633
2.335000 0.002275
2.336250 0.001921
2.337500 0.001574
2.338750 0.001233
2.340000 0.000897
2.341250 0.000566
2.342500 0.000242
2.343750 -0.000077
2.345000 -0.000390
2.346250 -0.000698
2.347500 -0.001000
2.348750 -0.001297
2.350000 -0.001587
2.351250 -0.001873
2.352500 -0.002153
2.353750 -0.002427
2.355000 -0.002696
2.356250 -0.002959
2.357500 -0.003217
2.358750 -0.003470
2.360000 -0.003717
2.361250 -0.003958
2.362500 -0.004195
2.363750 -0.004426
2.365000 -0.004651
2.366250 -0.004871
2.367500 -0.005086
2.368750 -0.005296
2.370000 -0.005500
2.371250 -0.005699
2.372500 -0.005893
2.373750 -0.006081
2.375000 -0.006265
2.376250 -0.006443
2.377500 -0.006616
2.378750 -0.006783
2.380000 -0.006946
2.381250 -0.007103
2.382500 -0.007256
2.383750 -0.007403
2.385000 -0.007545
2.386250 -0.007682
2.387500 -0.007814
2.388750 -0.007941
2.390000 -0.008063
2.391250 -0.008180
2.392500 -0.008292
2.393750 -0.008399
2.395000 -0.008502
2.396250 -0.008599
2.397500 -0.008691
2.398750 -0.008779
2.400000 -0.008861
2.401250 -0.008939
2.402500 -0.009012
2.403750 -0.009080
2.405000 -0.009143
2.406250 -0.009201
2.407500 -0.009255
2.408750 -0.009304
2.410000 -0.009348
2.411250 -0.009387
2.412500 -0.009422
2.413750 -0.009452
2.415000 -0.009477
2.416250 -0.009498
2.417500 -0.009514
2.418750 -0.009526
2.420000 -0.009533
2.421250 -0.009535
2.422500 -0.009533
2.423750 -0.009526
2.425000 -0.009514
2.426250 -0.009498
2.427500 -0.009478
2.428750 -0.009453
2.430000 -0.009424
2.431250 -0.009390
2.432500 -0.009352
2.433750 -0.009309
2.435000 -0.009262
2.436250 -0.009211
2.437500 -0.009155
2.438750 -0.009095
2.440000 -0.009031
2.441250 -0.008962
2.442500 -0.008889
2.443750 -0.008811
2.445000 -0.008730
2.446250 -0.008644
2.447500 -0.008554
2.448750 -0.008460
2.450000 -0.008361
2.451250 -0.008259
2.452500 -0.008152
2.453750 -0.008041
2.455000 -0.007926
2.456250 -0.007807
2.457500 -0.007684
2.458750 -0.007557
2.460000 -0.007425
2.461250 -0.007290
2.462500 -0.007151
2.463750 -0.007007
2.465000 -0.006860
2.466250 -0.006708
2.467500 -0.006553
2.468750 -0.006394
2.470000 -0.006231
2.471250 -0.006064
2.472500 -0.005893
2.473750 -0.005718
2.475000 -0.005540
2.476250 -0.005357
2.477500 -0.005171
2.478750 -0.004981
2.480000 -0.004787
2.481250 -0.004589
2.482500 -0.004388
2.483750 -0.004183
2.485000 -0.003974
2.486250 -0.003762
2.487500 -0.003546
2.488750 -0.003326
2.490000 -0.003102
2.491250 -0.002875
2.492500 -0.002645
2.493750 -0.002410
2.495000 -0.002173
2.496250 -0.001931
2.497500 -0.001686
2.498750 -0.001438
2.500000 -0.001186
2.501250 -0.000930
2.502500 -0.000672
2.503750 -0.000409
2.505000 -0.000143
2.506250 0.000126
2.507500 0.000398
2.508750 0.000674
2.510000 0.000954
2.511250 0.001236
2.512500 0.001522
2.513750 0.001812
2.515000 0.002104
2.516250 0.002400
2.517500 0.002699
2.518750 0.003001
2.520000 0.003306
2.521250 0.003614
2.522500 0.003925
2.523750 0.004239
2.525000 0.004555
2.526250 0.004874
2.527500 0.005196
2.528750 0.005520
2.530000 0.005847
2.531250 0.006176
2.532500 0.006507
2.533750 0.006841
2.535000 0.007177
2.536250 0.007515
2.537500 0.007855
2.538750 0.008197
2.540000 0.008541
2.541250 0.008887
2.542500 0.009235
2.543750 0.009584
2.545000 0.009935
2.546250 0.010288
2.547500 0.010642
2.548750 0.010997
2.550000 0.011354
2.551250 0.011713
2.552500 0.012072
2.553750 0.012433
2.555000 0.012795
2.556250 0.013158
2.557500 0.013521
2.558750 0.013886
2.560000 0.014252
2.561250 0.014618
2.562500 0.014985
2.563750 0.015353
2.565000 0.015721
2.566250 0.016090
2.567500 0.016460
2.568750 0.016829
2.570000 0.017199
2.571250 0.017569
2.572500 0.017940
2.573750 0.018310
2.575000 0.018681
2.576250 0.019051
2.577500 0.019422
2.578750 0.019792
2.580000 0.020162
2.581250 0.020531
2.582500 0.020901
2.583750 0.021269
2.585000 0.021638
2.586250 0.022005
2.587500 0.022373
2.588750 0.022739
2.590000 0.023105
2.591250 0.023469
2.592500 0.023833
2.593750 0.024196
2.595000 0.024558
2.596250 0.024919
2.597500 0.025278
2.598750 0.025636
2.600000 0.025993
2.601250 0.026349
2.602500 0.026703
2.603750 0.027056
2.605000 0.027407
2.606250 0.027756
2.607500 0.028104
2.608750 0.028450
2.610000 0.028793
2.611250 0.029136
2.612500 0.029476
2.613750 0.029814
2.615000 0.030149
2.616250 0.030483
2.617500 0.030815
2.618750 0.031144
2.620000 0.031470
2.621250 0.031794
2.622500 0.032116
2.623750 0.032435
2.625000 0.032752
2.626250 0.033065
2.627500 0.033376
2.628750 0.033684
2.630000 0.033989
2.631250 0.034291
2.632500 0.034590
2.633750 0.034886
2.635000 0.035178
2.636250 0.035468
2.637500 0.035754
2.638750 0.036036
2.640000 0.036315
2.641250 0.036591
2.642500 0.036863
2.643750 0.037131
2.645000 0.037395
2.646250 0.037656
2.647500 0.037913
2.648750 0.038166
2.650000 0.038414
2.651250 0.038659
2.652500 0.038900
2.653750 0.039136
2.655000 0.039368
2.656250 0.039596
2.657500 0.039819
2.658750 0.040037
2.660000 0.040252
2.661250 0.040461
2.662500 0.040666
2.663750 0.040866
2.665000 0.041061
2.666250 0.041252
2.667500 0.041437
2.668750 0.041617
2.670000 0.041792
2.671250 0.041962
2.672500 0.042127
2.673750 0.042287
2.675000 0.042441
2.676250 0.042590
2.677500 0.042733
2.678750 0.042870
2.680000 0.043002
2.681250 0.043128
2.682500 0.043249
2.683750 0.043364
2.685000 0.043472
2.686250 0.043575
2.687500 0.043672
2.688750 0.043762
2.690000 0.043846
2.691250 0.043924
2.692500 0.043996
2.693750 0.044062
2.695000 0.044121
2.696250 0.044173
2.697500 0.044219
2.698750 0.044258
2.700000 0.044290
2.701250 0.044316
2.702500 0.044335
2.703750 0.044347
2.705000 0.044351
2.706250 0.044349
2.707500 0.044340
2.708750 0.044323
2.710000 0.044299
2.711250 0.044268
2.712500 0.044230
2.713750 0.044184
2.715000 0.044130
2.716250 0.044069
2.717500 0.044000
2.718750 0.043923
2.720000 0.043839
2.721250 0.043747
2.722500 0.043646
2.723750 0.043538
2.725000 0.043422
2.726250 0.043297
2.727500 0.043165
2.728750 0.043024
2.730000 0.042874
2.731250 0.042717
2.732500 0.042550
2.733750 0.042376
2.735000 0.042192
2.736250 0.042000
2.737500 0.041799
2.738750 0.041590
2.740000 0.041371
2.741250 0.041144
2.742500 0.040907
2.743750 0.040661
2.745000 0.040407
2.746250 0.040143
2.747500 0.039869
2.748750 0.039587
2.750000 0.039294
2.751250 0.038993
2.752500 0.038682
2.753750 0.038361
2.755000 0.038030
2.756250 0.037690
2.757500 0.037340
2.758750 0.036980
2.760000 0.036610
2.761250 0.036230
2.762500 0.035840
2.763750 0.035439
2.765000 0.035029
2.766250 0.034608
2.767500 0.034177
2.768750 0.033735
2.770000 0.033283
2.771250 0.032820
2.772500 0.032347
2.773750 0.031862
2.775000 0.031367
2.776250 0.030862
2.777500 0.030345
2.778750 0.029817
2.780000 0.029278
2.781250 0.028729
2.782500 0.028168
2.783750 0.027595
2.785000 0.027012
2.786250 0.026416
2.787500 0.025810
2.788750 0.025192
2.790000 0.024562
2.791250 0.023921
2.792500 0.023268
2.793750 0.022603
2.795000 0.021927
2.796250 0.021238
2.797500 0.020537
2.798750 0.019825
2.800000 0.019100
2.801250 0.018363
2.802500 0.017614
2.803750 0.016852
2.805000 0.016078
2.806250 0.015291
2.807500 0.014492
2.808750 0.013681
2.810000 0.012856
2.811250 0.012019
2.812500 0.011169
2.813750 0.010307
2.815000 0.009431
2.816250 0.008542
2.817500 0.007640
2.818750 0.006725
2.820000 0.005797
2.821250 0.004856
2.822500 0.003901
2.823750 0.002933
2.825000 0.001951
2.826250 0.000956
2.827500 -0.000053
2.828750 -0.001076
2.830000 -0.002112
2.831250 -0.003161
2.832500 -0.004223
2.833750 -0.005298
2.835000 -0.006385
2.836250 -0.007484
2.837500 -0.008595
2.838750 -0.009717
2.840000 -0.010851
2.841250 -0.011996
2.842500 -0.013152
2.843750 -0.014318
2.845000 -0.015495
2.846250 -0.016682
2.847500 -0.017878
2.848750 -0.019084
2.850000 -0.020299
2.851250 -0.021524
2.852500 -0.022757
2.853750 -0.023998
2.855000 -0.025248
2.856250 -0.026505
2.857500 -0.027771
2.858750 -0.029043
2.860000 -0.030323
2.861250 -0.031610
2.862500 -0.032904
2.863750 -0.034204
2.865000 -0.035510
2.866250 -0.036822
2.867500 -0.038139
2.868750 -0.039462
2.870000 -0.040790
2.871250 -0.042123
2.872500 -0.043460
2.873750 -0.044802
2.875000 -0.046148
2.876250 -0.047498
2.877500 -0.048851
2.878750 -0.050207
2.880000 -0.051567
2.881250 -0.052929
2.882500 -0.054294
2.883750 -0.055661
2.885000 -0.057029
2.886250 -0.058400
2.887500 -0.059772
2.888750 -0.061146
2.890000 -0.062520
2.891250 -0.063895
2.892500 -0.065270
2.893750 -0.066646
2.895000 -0.068021
2.896250 -0.069396
2.897500 -0.070771
2.898750 -0.072144
2.900000 -0.073517
2.901250 -0.074888
2.902500 -0.076257
2.903750 -0.077625
2.905000 -0.078990
2.906250 -0.080353
2.907500 -0.081713
2.908750 -0.083071
2.910000 -0.084425
2.911250 -0.085775
2.912500 -0.087122
2.913750 -0.088465
2.915000 -0.089804
2.916250 -0.091138
2.917500 -0.092467
2.918750 -0.093791
2.920000 -0.095110
2.921250 -0.096424
2.922500 -0.097731
2.923750 -0.099033
2.925000 -0.100328
2.926250 -0.101617
2.927500 -0.102898
2.928750 -0.104173
2.930000 -0.105440
2.931250 -0.106700
2.932500 -0.107952
2.933750 -0.109196
2.935000 -0.110431
2.936250 -0.111657
2.937500 -0.112875
2.938750 -0.114083
2.940000 -0.115282
2.941250 -0.116472
2.942500 -0.117651
2.943750 -0.118820
2.945000 -0.119979
2.946250 -0.121127
2.947500 -0.122263
2.948750 -0.123389
2.950000 -0.124503
2.951250 -0.125605
2.952500 -0.126695
2.953750 -0.127773
2.955000 -0.128839
2.956250 -0.129891
2.957500 -0.130931
2.958750 -0.131957
2.960000 -0.132969
2.961250 -0.133968
2.962500 -0.134952
2.963750 -0.135922
2.965000 -0.136878
2.966250 -0.137818
2.967500 -0.138744
2.968750 -0.139654
2.970000 -0.140548
2.971250 -0.141427
2.972500 -0.142289
2.973750 -0.143134
2.975000 -0.143963
2.976250 -0.144775
2.977500 -0.145570
2.978750 -0.146347
2.980000 -0.147107
2.981250 -0.147848
2.982500 -0.148571
2.983750 -0.149276
2.985000 -0.149962
2.986250 -0.150629
2.987500 -0.151276
2.988750 -0.151904
2.990000 -0.152512
2.991250 -0.153100
2.992500 -0.153667
2.993750 -0.154214
2.995000 -0.154740
2.996250 -0.155245
2.997500 -0.155729
2.998750 -0.156191
3.000000 -0.156631
3.001250 -0.157048
3.002500 -0.157444
3.003750 -0.157816
3.005000 -0.158166
3.006250 -0.158493
3.007500 -0.158796
3.008750 -0.159075
3.010000 -0.159330
3.011250 -0.159561
3.012500 -0.159768
3.013750 -0.159949
3.015000 -0.160106
3.016250 -0.160237
3.017500 -0.160343
3.018750 -0.160423
3.020000 -0.160477
3.021250 -0.160505
3.022500 -0.160506
3.023750 -0.160480
3.025000 -0.160427
3.026250 -0.160346
3.027500 -0.160238
3.028750 -0.160103
3.030000 -0.159939
3.031250 -0.159746
3.032500 -0.159525
3.033750 -0.159275
3.035000 -0.158996
3.036250 -0.158687
3.037500 -0.158349
3.038750 -0.157980
3.040000 -0.157582
3.041250 -0.157153
3.042500 -0.156693
3.043750 -0.156202
3.045000 -0.155680
3.046250 -0.155126
3.047500 -0.154541
3.048750 -0.153923
3.050000 -0.153273
3.051250 -0.152591
3.052500 -0.151876
3.053750 -0.151127
3.055000 -0.150346
3.056250 -0.149530
3.057500 -0.148681
3.058750 -0.147798
3.060000 -0.146880
3.061250 -0.145928
3.062500 -0.144941
3.063750 -0.143919
3.065000 -0.142861
3.066250 -0.141767
3.067500 -0.140638
3.068750 -0.139472
3.070000 -0.138270
3.071250 -0.137031
3.072500 -0.135755
3.073750 -0.134442
3.075000 -0.133092
3.076250 -0.131704
3.077500 -0.130277
3.078750 -0.128812
3.080000 -0.127309
3.081250 -0.125767
3.082500 -0.124186
3.083750 -0.122566
3.085000 -0.120906
3.086250 -0.119206
3.087500 -0.117466
3.088750 -0.115686
3.090000 -0.113865
3.091250 -0.112003
3.092500 -0.110100
3.093750 -0.108156
3.095000 -0.106170
3.096250 -0.104142
3.097500 -0.102072
3.098750 -0.099959
3.100000 -0.097804
3.101250 -0.095606
3.102500 -0.093364
3.103750 -0.091080
3.105000 -0.088751
3.106250 -0.086378
3.107500 -0.083961
3.108750 -0.081500
3.110000 -0.078994
3.111250 -0.076442
3.112500 -0.073846
3.113750 -0.071204
3.115000 -0.068516
3.116250 -0.065782
3.117500 -0.063001
3.118750 -0.060174
3.120000 -0.057301
3.121250 -0.054380
3.122500 -0.051411
3.123750 -0.048395
3.125000 -0.045332
3.126250 -0.042220
3.127500 -0.039059
3.128750 -0.035850
3.130000 -0.032592
3.131250 -0.029285
3.132500 -0.025928
3.133750 -0.022522
3.135000 -0.019065
3.136250 -0.015559
3.137500 -0.012002
3.138750 -0.008394
3.140000 -0.004735
