0.000000 0.000000
0.001250 -0.000036
0.002500 -0.000072
0.003750 -0.000108
0.005000 -0.000143
0.006250 -0.000178
0.007500 -0.000212
0.008750 -0.000246
0.010000 -0.000279
0.011250 -0.000312
0.012500 -0.000345
0.013750 -0.000377
0.015000 -0.000409
0.016250 -0.000440
0.017500 -0.000471
0.018750 -0.000502
0.020000 -0.000532
0.021250 -0.000562
0.022500 -0.000592
0.023750 -0.000621
0.025000 -0.000649
0.026250 -0.000677
0.027500 -0.000705
0.028750 -0.000733
0.030000 -0.000760
0.031250 -0.000787
0.032500 -0.000813
0.033750 -0.000839
0.035000 -0.000864
0.036250 -0.000889
0.037500 -0.000914
0.038750 -0.000939
0.040000 -0.000963
0.041250 -0.000986
0.042500 -0.001010
0.043750 -0.001033
0.045000 -0.001055
0.046250 -0.001077
0.047500 -0.001099
0.048750 -0.001121
0.050000 -0.001142
0.051250 -0.001162
0.052500 -0.001183
0.053750 -0.001203
0.055000 -0.001222
0.056250 -0.001242
0.057500 -0.001261
0.058750 -0.001279
0.060000 -0.001298
0.061250 -0.001316
0.062500 -0.001333
0.063750 -0.001350
0.065000 -0.001367
0.066250 -0.001384
0.067500 -0.001400
0.068750 -0.001416
0.070000 -0.001431
0.071250 -0.001446
0.072500 -0.001461
0.073750 -0.001476
0.075000 -0.001490
0.076250 -0.001504
0.077500 -0.001517
0.078750 -0.001531
0.080000 -0.001544
0.081250 -0.001556
0.082500 -0.001568
0.083750 -0.001580
0.085000 -0.001592
0.086250 -0.001603
0.087500 -0.001614
0.088750 -0.001625
0.090000 -0.001635
0.091250 -0.001645
0.092500 -0.001655
0.093750 -0.001664
0.095000 -0.001673
0.096250 -0.001682
0.097500 -0.001691
0.098750 -0.001699
0.100000 -0.001707
0.101250 -0.001715
0.102500 -0.001722
0.103750 -0.001729
0.105000 -0.001736
0.106250 -0.001742
0.107500 -0.001748
0.108750 -0.001754
0.110000 -0.001760
0.111250 -0.001765
0.112500 -0.001770
0.113750 -0.001775
0.115000 -0.001779
0.116250 -0.001783
0.117500 -0.001787
0.118750 -0.001791
0.120000 -0.001794
0.121250 -0.001797
0.122500 -0.001800
0.123750 -0.001803
0.125000 -0.001805
0.126250 -0.001807
0.127500 -0.001809
0.128750 -0.001810
0.130000 -0.001811
0.131250 -0.001812
0.132500 -0.001813
0.133750 -0.001814
0.135000 -0.001814
0.136250 -0.001814
0.137500 -0.001813
0.138750 -0.001813
0.140000 -0.001812
0.141250 -0.001811
0.142500 -0.001810
0.143750 -0.001808
0.145000 -0.001806
0.146250 -0.001804
0.147500 -0.001802
0.148750 -0.001800
0.150000 -0.001797
0.151250 -0.001794
0.152500 -0.001791
0.153750 -0.001787
0.155000 -0.001784
0.156250 -0.001780
0.157500 -0.001776
0.158750 -0.001771
0.160000 -0.001767
0.161250 -0.001762
0.162500 -0.001757
0.163750 -0.001752
0.165000 -0.001746
0.166250 -0.001741
0.167500 -0.001735
0.168750 -0.001729
0.170000 -0.001722
0.171250 -0.001716
0.172500 -0.001709
0.173750 -0.001702
0.175000 -0.001695
0.176250 -0.001688
0.177500 -0.001680
0.178750 -0.001672
0.180000 -0.001665
0.181250 -0.001656
0.182500 -0.001648
0.183750 -0.001640
0.185000 -0.001631
0.186250 -0.001622
0.187500 -0.001613
0.188750 -0.001604
0.190000 -0.001594
0.191250 -0.001585
0.192500 -0.001575
0.193750 -0.001565
0.195000 -0.001555
0.196250 -0.001544
0.197500 -0.001534
0.198750 -0.001523
0.200000 -0.001512
0.201250 -0.001501
0.202500 -0.001490
0.203750 -0.001479
0.205000 -0.001467
0.206250 -0.001455
0.207500 -0.001444
0.208750 -0.001431
0.210000 -0.001419
0.211250 -0.001407
0.212500 -0.001394
0.213750 -0.001382
0.215000 -0.001369
0.216250 -0.001356
0.217500 -0.001343
0.218750 -0.001330
0.220000 -0.001316
0.221250 -0.001303
0.222500 -0.001289
0.223750 -0.001275
0.225000 -0.001261
0.226250 -0.001247
0.227500 -0.001233
0.228750 -0.001218
0.230000 -0.001204
0.231250 -0.001189
0.232500 -0.001174
0.233750 -0.001159
0.235000 -0.001144
0.236250 -0.001129
0.237500 -0.001114
0.238750 -0.001098
0.240000 -0.001083
0.241250 -0.001067
0.242500 -0.001051
0.243750 -0.001035
0.245000 -0.001019
0.246250 -0.001003
0.247500 -0.000987
0.248750 -0.000971
0.250000 -0.000954
0.251250 -0.000938
0.252500 -0.000921
0.253750 -0.000904
0.255000 -0.000887
0.256250 -0.000870
0.257500 -0.000853
0.258750 -0.000836
0.260000 -0.000819
0.261250 -0.000801
0.262500 -0.000784
0.263750 -0.000766
0.265000 -0.000748
0.266250 -0.000731
0.267500 -0.000713
0.268750 -0.000695
0.270000 -0.000677
0.271250 -0.000659
0.272500 -0.000641
0.273750 -0.000622
0.275000 -0.000604
0.276250 -0.000586
0.277500 -0.000567
0.278750 -0.000549
0.280000 -0.000530
0.281250 -0.000511
0.282500 -0.000493
0.283750 -0.000474
0.285000 -0.000455
0.286250 -0.000436
0.287500 -0.000417
0.288750 -0.000398
0.290000 -0.000379
0.291250 -0.000359
0.292500 -0.000340
0.293750 -0.000321
0.295000 -0.000301
0.296250 -0.000282
0.297500 -0.000263
0.298750 -0.000243
0.300000 -0.000223
0.301250 -0.000204
0.302500 -0.000184
0.303750 -0.000165
0.305000 -0.000145
0.306250 -0.000125
0.307500 -0.000105
0.308750 -0.000085
0.310000 -0.000065
0.311250 -0.000046
0.312500 -0.000026
0.313750 -0.000006
0.315000 0.000014
0.316250 0.000034
0.317500 0.000055
0.318750 0.000075
0.320000 0.000095
0.321250 0.000115
0.322500 0.000135
0.323750 0.000155
0.325000 0.000175
0.326250 0.000195
0.327500 0.000216
0.328750 0.000236
0.330000 0.000256
0.331250 0.000276
0.332500 0.000296
0.333750 0.000317
0.335000 0.000337
0.336250 0.000357
0.337500 0.000377
0.338750 0.000397
0.340000 0.000418
0.341250 0.000438
0.342500 0.000458
0.343750 0.000478
0.345000 0.000498
0.346250 0.000519
0.347500 0.000539
0.348750 0.000559
0.350000 0.000579
0.351250 0.000599
0.352500 0.000619
0.353750 0.000639
0.355000 0.000659
0.356250 0.000679
0.357500 0.000699
0.358750 0.000719
0.360000 0.000739
0.361250 0.000759
0.362500 0.000779
0.363750 0.000799
0.365000 0.000819
0.366250 0.000838
0.367500 0.000858
0.368750 0.000878
0.370000 0.000897
0.371250 0.000917
0.372500 0.000937
0.373750 0.000956
0.375000 0.000975
0.376250 0.000995
0.377500 0.001014
0.378750 0.001034
0.380000 0.001053
0.381250 0.001072
0.382500 0.001091
0.383750 0.001110
0.385000 0.001129
0.386250 0.001148
0.387500 0.001167
0.388750 0.001186
0.390000 0.001205
0.391250 0.001223
0.392500 0.001242
0.393750 0.001260
0.395000 0.001279
0.396250 0.001297
0.397500 0.001316
0.398750 0.001334
0.400000 0.001352
0.401250 0.001370
0.402500 0.001388
0.403750 0.001406
0.405000 0.001424
0.406250 0.001442
0.407500 0.001459
0.408750 0.001477
0.410000 0.001494
0.411250 0.001512
0.412500 0.001529
0.413750 0.001546
0.415000 0.001563
0.416250 0.001580
0.417500 0.001597
0.418750 0.001614
0.420000 0.001630
0.421250 0.001647
0.422500 0.001663
0.423750 0.001680
0.425000 0.001696
0.426250 0.001712
0.427500 0.001728
0.428750 0.001744
0.430000 0.001760
0.431250 0.001775
0.432500 0.001791
0.433750 0.001806
0.435000 0.001822
0.436250 0.001837
0.437500 0.001852
0.438750 0.001867
0.440000 0.001881
0.441250 0.001896
0.442500 0.001911
0.443750 0.001925
0.445000 0.001939
0.446250 0.001953
0.447500 0.001967
0.448750 0.001981
0.450000 0.001995
0.451250 0.002008
0.452500 0.002022
0.453750 0.002035
0.455000 0.002048
0.456250 0.002061
0.457500 0.002074
0.458750 0.002086
0.460000 0.002099
0.461250 0.002111
0.462500 0.002123
0.463750 0.002135
0.465000 0.002147
0.466250 0.002159
0.467500 0.002170
0.468750 0.002182
0.470000 0.002193
0.471250 0.002204
0.472500 0.002215
0.473750 0.002225
0.475000 0.002236
0.476250 0.002246
0.477500 0.002256
0.478750 0.002266
0.480000 0.002276
0.481250 0.002285
0.482500 0.002295
0.483750 0.002304
0.485000 0.002313
0.486250 0.002322
0.487500 0.002331
0.488750 0.002339
0.490000 0.002347
0.491250 0.002355
0.492500 0.002363
0.493750 0.002371
0.495000 0.002378
0.496250 0.002386
0.497500 0.002393
0.498750 0.002400
0.500000 0.002406
0.501250 0.002413
0.502500 0.002419
0.503750 0.002425
0.505000 0.002431
0.506250 0.002436
0.507500 0.002442
0.508750 0.002447
0.510000 0.002452
0.511250 0.002457
0.512500 0.002461
0.513750 0.002465
0.515000 0.002469
0.516250 0.002473
0.517500 0.002477
0.518750 0.002480
0.520000 0.002483
0.521250 0.002486
0.522500 0.002489
0.523750 0.002491
0.525000 0.002494
0.526250 0.002496
0.527500 0.002497
0.528750 0.002499
0.530000 0.002500
0.531250 0.002501
0.532500 0.002502
0.533750 0.002502
0.535000 0.002503
0.536250 0.002503
0.537500 0.002502
0.538750 0.002502
0.540000 0.002501
0.541250 0.002500
0.542500 0.002499
0.543750 0.002497
0.545000 0.002495
0.546250 0.002493
0.547500 0.002491
0.548750 0.002488
0.550000 0.002486
0.551250 0.002482
0.552500 0.002479
0.553750 0.002475
0.555000 0.002471
0.556250 0.002467
0.557500 0.002463
0.558750 0.002458
0.560000 0.002453
0.561250 0.002447
0.562500 0.002442
0.563750 0.002436
0.565000 0.002429
0.566250 0.002423
0.567500 0.002416
0.568750 0.002409
0.570000 0.002402
0.571250 0.002394
0.572500 0.002386
0.573750 0.002378
0.575000 0.002369
0.576250 0.002360
0.577500 0.002351
0.578750 0.002341
0.580000 0.002332
0.581250 0.002322
0.582500 0.002311
0.583750 0.002300
0.585000 0.002289
0.586250 0.002278
0.587500 0.002266
0.588750 0.002254
0.590000 0.002242
0.591250 0.002229
0.592500 0.002216
0.593750 0.002203
0.595000 0.002189
0.596250 0.002176
0.597500 0.002161
0.598750 0.002147
0.600000 0.002132
0.601250 0.002116
0.602500 0.002101
0.603750 0.002085
0.605000 0.002069
0.606250 0.002052
0.607500 0.002035
0.608750 0.002018
0.610000 0.002000
0.611250 0.001982
0.612500 0.001964
0.613750 0.001945
0.615000 0.001926
0.616250 0.001907
0.617500 0.001887
0.618750 0.001867
0.620000 0.001846
0.621250 0.001826
0.622500 0.001804
0.623750 0.001783
0.625000 0.001761
0.626250 0.001739
0.627500 0.001716
0.628750 0.001693
0.630000 0.001670
0.631250 0.001646
0.632500 0.001622
0.633750 0.001598
0.635000 0.001573
0.636250 0.001549
0.637500 0.001524
0.638750 0.001499
0.640000 0.001474
0.641250 0.001449
0.642500 0.001424
0.643750 0.001399
0.645000 0.001374
0.646250 0.001350
0.647500 0.001325
0.648750 0.001301
0.650000 0.001276
0.651250 0.001252
0.652500 0.001229
0.653750 0.001205
0.655000 0.001182
0.656250 0.001160
0.657500 0.001137
0.658750 0.001116
0.660000 0.001094
0.661250 0.001074
0.662500 0.001054
0.663750 0.001034
0.665000 0.001015
0.666250 0.000997
0.667500 0.000980
0.668750 0.000963
0.670000 0.000947
0.671250 0.000932
0.672500 0.000917
0.673750 0.000904
0.675000 0.000892
0.676250 0.000880
0.677500 0.000870
0.678750 0.000860
0.680000 0.000852
0.681250 0.000844
0.682500 0.000838
0.683750 0.000833
0.685000 0.000829
0.686250 0.000827
0.687500 0.000826
0.688750 0.000826
0.690000 0.000827
0.691250 0.000830
0.692500 0.000834
0.693750 0.000840
0.695000 0.000847
0.696250 0.000856
0.697500 0.000866
0.698750 0.000878
0.700000 0.000892
0.701250 0.000907
0.702500 0.000924
0.703750 0.000943
0.705000 0.000963
0.706250 0.000985
0.707500 0.001010
0.708750 0.001036
0.710000 0.001064
0.711250 0.001094
0.712500 0.001125
0.713750 0.001159
0.715000 0.001195
0.716250 0.001234
0.717500 0.001274
0.718750 0.001316
0.720000 0.001361
0.721250 0.001408
0.722500 0.001457
0.723750 0.001509
0.725000 0.001562
0.726250 0.001619
0.727500 0.001677
0.728750 0.001738
0.730000 0.001802
0.731250 0.001868
0.732500 0.001937
0.733750 0.002008
0.735000 0.002082
0.736250 0.002159
0.737500 0.002238
0.738750 0.002320
0.740000 0.002405
0.741250 0.002493
0.742500 0.002584
0.743750 0.002677
0.745000 0.002773
0.746250 0.002873
0.747500 0.002975
0.748750 0.003080
0.750000 0.003189
0.751250 0.003300
0.752500 0.003415
0.753750 0.003533
0.755000 0.003654
0.756250 0.003778
0.757500 0.003906
0.758750 0.004037
0.760000 0.004171
0.761250 0.004309
0.762500 0.004450
0.763750 0.004594
0.765000 0.004742
0.766250 0.004894
0.767500 0.005049
0.768750 0.005207
0.770000 0.005370
0.771250 0.005536
0.772500 0.005706
0.773750 0.005879
0.775000 0.006056
0.776250 0.006237
0.777500 0.006422
0.778750 0.006611
0.780000 0.006804
0.781250 0.007001
0.782500 0.007201
0.783750 0.007406
0.785000 0.007615
0.786250 0.007828
0.787500 0.008045
0.788750 0.008266
0.790000 0.008491
0.791250 0.008721
0.792500 0.008955
0.793750 0.009193
0.795000 0.009436
0.796250 0.009683
0.797500 0.009934
0.798750 0.010190
0.800000 0.010450
0.801250 0.010715
0.802500 0.010985
0.803750 0.011259
0.805000 0.011537
0.806250 0.011821
0.807500 0.012109
0.808750 0.012402
0.810000 0.012699
0.811250 0.013002
0.812500 0.013309
0.813750 0.013621
0.815000 0.013938
0.816250 0.014260
0.817500 0.014587
0.818750 0.014919
0.820000 0.015256
0.821250 0.015599
0.822500 0.015946
0.823750 0.016298
0.825000 0.016656
0.826250 0.017019
0.827500 0.017387
0.828750 0.017761
0.830000 0.018140
0.831250 0.018524
0.832500 0.018914
0.833750 0.019309
0.835000 0.019710
0.836250 0.020116
0.837500 0.020528
0.838750 0.020945
0.840000 0.021368
0.841250 0.021797
0.842500 0.022231
0.843750 0.022671
0.845000 0.023117
0.846250 0.023569
0.847500 0.024026
0.848750 0.024490
0.850000 0.024959
0.851250 0.025435
0.852500 0.025916
0.853750 0.026403
0.855000 0.026897
0.856250 0.027396
0.857500 0.027902
0.858750 0.028414
0.860000 0.028932
0.861250 0.029456
0.862500 0.029986
0.863750 0.030523
0.865000 0.031067
0.866250 0.031616
0.867500 0.032172
0.868750 0.032735
0.870000 0.033304
0.871250 0.033879
0.872500 0.034461
0.873750 0.035050
0.875000 0.035645
0.876250 0.036247
0.877500 0.036856
0.878750 0.037471
0.880000 0.038093
0.881250 0.038722
0.882500 0.039358
0.883750 0.040001
0.885000 0.040650
0.886250 0.041307
0.887500 0.041970
0.888750 0.042641
0.890000 0.043319
0.891250 0.044004
0.892500 0.044695
0.893750 0.045394
0.895000 0.046101
0.896250 0.046814
0.897500 0.047535
0.898750 0.048263
0.900000 0.048999
0.901250 0.049741
0.902500 0.050492
0.903750 0.051249
0.905000 0.052015
0.906250 0.052787
0.907500 0.053568
0.908750 0.054355
0.910000 0.055151
0.911250 0.055954
0.912500 0.056765
0.913750 0.057584
0.915000 0.058410
0.916250 0.059244
0.917500 0.060086
0.918750 0.060936
0.920000 0.061794
0.921250 0.062660
0.922500 0.063534
0.923750 0.064416
0.925000 0.065306
0.926250 0.066204
0.927500 0.067110
0.928750 0.068024
0.930000 0.068946
0.931250 0.069877
0.932500 0.070816
0.933750 0.071763
0.935000 0.072719
0.936250 0.073683
0.937500 0.074656
0.938750 0.075637
0.940000 0.076626
0.941250 0.077624
0.942500 0.078631
0.943750 0.079646
0.945000 0.080670
0.946250 0.081702
0.947500 0.082742
0.948750 0.083792
0.950000 0.084849
0.951250 0.085916
0.952500 0.086990
0.953750 0.088073
0.955000 0.089165
0.956250 0.090265
0.957500 0.091373
0.958750 0.092489
0.960000 0.093614
0.961250 0.094748
0.962500 0.095889
0.963750 0.097039
0.965000 0.098197
0.966250 0.099363
0.967500 0.100537
0.968750 0.101720
0.970000 0.102910
0.971250 0.104109
0.972500 0.105316
0.973750 0.106531
0.975000 0.107754
0.976250 0.108985
0.977500 0.110224
0.978750 0.111471
0.980000 0.112726
0.981250 0.113989
0.982500 0.115260
0.983750 0.116539
0.985000 0.117826
0.986250 0.119120
0.987500 0.120423
0.988750 0.121733
0.990000 0.123051
0.991250 0.124377
0.992500 0.125711
0.993750 0.127052
0.995000 0.128401
0.996250 0.129758
0.997500 0.131122
0.998750 0.132495
1.000000 0.133874
1.001250 0.135262
1.002500 0.136657
1.003750 0.138059
1.005000 0.139469
1.006250 0.140887
1.007500 0.142312
1.008750 0.143745
1.010000 0.145185
1.011250 0.146632
1.012500 0.148087
1.013750 0.149550
1.015000 0.151019
1.016250 0.152496
1.017500 0.153981
1.018750 0.155473
1.020000 0.156972
1.021250 0.158478
1.022500 0.159991
1.023750 0.161512
1.025000 0.163040
1.026250 0.164575
1.027500 0.166118
1.028750 0.167667
1.030000 0.169224
1.031250 0.170787
1.032500 0.172358
1.033750 0.173936
1.035000 0.175521
1.036250 0.177113
1.037500 0.178712
1.038750 0.180318
1.040000 0.181930
1.041250 0.183550
1.042500 0.185177
1.043750 0.186810
1.045000 0.188451
1.046250 0.190098
1.047500 0.191752
1.048750 0.193413
1.050000 0.195081
1.051250 0.196755
1.052500 0.198436
1.053750 0.200124
1.055000 0.201819
1.056250 0.203520
1.057500 0.205228
1.058750 0.206942
1.060000 0.208664
1.061250 0.210391
1.062500 0.212126
1.063750 0.213866
1.065000 0.215614
1.066250 0.217368
1.067500 0.219128
1.068750 0.220895
1.070000 0.222668
1.071250 0.224448
1.072500 0.226234
1.073750 0.228026
1.075000 0.229825
1.076250 0.231630
1.077500 0.233442
1.078750 0.235259
1.080000 0.237083
1.081250 0.238914
1.082500 0.240750
1.083750 0.242593
1.085000 0.244442
1.086250 0.246297
1.087500 0.248158
1.088750 0.250025
1.090000 0.251899
1.091250 0.253778
1.092500 0.255664
1.093750 0.257555
1.095000 0.259453
1.096250 0.261356
1.097500 0.263266
1.098750 0.265181
1.100000 0.267103
1.101250 0.269030
1.102500 0.270963
1.103750 0.272902
1.105000 0.274847
1.106250 0.276798
1.107500 0.278754
1.108750 0.280717
1.110000 0.282685
1.111250 0.284659
1.112500 0.286638
1.113750 0.288623
1.115000 0.290614
1.116250 0.292611
1.117500 0.294613
1.118750 0.296621
1.120000 0.298634
1.121250 0.300653
1.122500 0.302677
1.123750 0.304707
1.125000 0.306743
1.126250 0.308784
1.127500 0.310830
1.128750 0.312882
1.130000 0.314939
1.131250 0.317002
1.132500 0.319070
1.133750 0.321143
1.135000 0.323222
1.136250 0.325306
1.137500 0.327395
1.138750 0.329490
1.140000 0.331590
1.141250 0.333695
1.142500 0.335805
1.143750 0.337920
1.145000 0.340041
1.146250 0.342167
1.147500 0.344297
1.148750 0.346433
1.150000 0.348574
1.151250 0.350720
1.152500 0.352872
1.153750 0.355028
1.155000 0.357189
1.156250 0.359355
1.157500 0.361526
1.158750 0.363702
1.160000 0.365883
1.161250 0.368068
1.162500 0.370259
1.163750 0.372454
1.165000 0.374654
1.166250 0.376859
1.167500 0.379069
1.168750 0.381284
1.170000 0.383503
1.171250 0.385727
1.172500 0.387956
1.173750 0.390189
1.175000 0.392427
1.176250 0.394670
1.177500 0.396917
1.178750 0.399169
1.180000 0.401425
1.181250 0.403686
1.182500 0.405952
1.183750 0.408221
1.185000 0.410496
1.186250 0.412775
1.187500 0.415058
1.188750 0.417346
1.190000 0.419638
1.191250 0.421934
1.192500 0.424235
1.193750 0.426540
1.195000 0.428850
1.196250 0.431163
1.197500 0.433481
1.198750 0.435804
1.200000 0.438130
1.201250 0.440461
1.202500 0.442796
1.203750 0.445135
1.205000 0.447478
1.206250 0.449825
1.207500 0.452176
1.208750 0.454532
1.210000 0.456891
1.211250 0.459255
1.212500 0.461622
1.213750 0.463994
1.215000 0.466369
1.216250 0.468748
1.217500 0.471132
1.218750 0.473519
1.220000 0.475910
1.221250 0.478305
1.222500 0.480704
1.223750 0.483106
1.225000 0.485513
1.226250 0.487923
1.227500 0.490337
1.228750 0.492754
1.230000 0.495176
1.231250 0.497601
1.232500 0.500029
1.233750 0.502462
1.235000 0.504898
1.236250 0.507337
1.237500 0.509780
1.238750 0.512227
1.240000 0.514677
1.241250 0.517131
1.242500 0.519588
1.243750 0.522049
1.245000 0.524513
1.246250 0.526981
1.247500 0.529452
1.248750 0.531926
1.250000 0.534404
1.251250 0.536885
1.252500 0.539370
1.253750 0.541857
1.255000 0.544348
1.256250 0.546843
1.257500 0.549341
1.258750 0.551841
1.260000 0.554345
1.261250 0.556852
1.262500 0.559361
1.263750 0.561873
1.265000 0.564388
1.266250 0.566906
1.267500 0.569426
1.268750 0.571948
1.270000 0.574472
1.271250 0.576999
1.272500 0.579527
1.273750 0.582058
1.275000 0.584590
1.276250 0.587124
1.277500 0.589659
1.278750 0.592196
1.280000 0.594735
1.281250 0.597274
1.282500 0.599815
1.283750 0.602357
1.285000 0.604900
1.286250 0.607443
1.287500 0.609988
1.288750 0.612533
1.290000 0.615078
1.291250 0.617625
1.292500 0.620171
1.293750 0.622718
1.295000 0.625264
1.296250 0.627811
1.297500 0.630358
1.298750 0.632904
1.300000 0.635450
1.301250 0.637996
1.302500 0.640541
1.303750 0.643086
1.305000 0.645630
1.306250 0.648173
1.307500 0.650715
1.308750 0.653256
1.310000 0.655796
1.311250 0.658335
1.312500 0.660872
1.313750 0.663408
1.315000 0.665943
1.316250 0.668475
1.317500 0.671006
1.318750 0.673536
1.320000 0.676063
1.321250 0.678588
1.322500 0.681111
1.323750 0.683631
1.325000 0.686149
1.326250 0.688665
1.327500 0.691178
1.328750 0.693689
1.330000 0.696196
1.331250 0.698701
1.332500 0.701202
1.333750 0.703701
1.335000 0.706196
1.336250 0.708688
1.337500 0.711177
1.338750 0.713662
1.340000 0.716143
1.341250 0.718620
1.342500 0.721094
1.343750 0.723564
1.345000 0.726029
1.346250 0.728491
1.347500 0.730948
1.348750 0.733401
1.350000 0.735849
1.351250 0.738293
1.352500 0.740732
1.353750 0.743166
1.355000 0.745595
1.356250 0.748020
1.357500 0.750439
1.358750 0.752853
1.360000 0.755262
1.361250 0.757665
1.362500 0.760062
1.363750 0.762454
1.365000 0.764841
1.366250 0.767221
1.367500 0.769596
1.368750 0.771964
1.370000 0.774326
1.371250 0.776682
1.372500 0.779032
1.373750 0.781375
1.375000 0.783711
1.376250 0.786041
1.377500 0.788364
1.378750 0.790680
1.380000 0.792990
1.381250 0.795292
1.382500 0.797586
1.383750 0.799874
1.385000 0.802154
1.386250 0.804427
1.387500 0.806691
1.388750 0.808949
1.390000 0.811198
1.391250 0.813439
1.392500 0.815673
1.393750 0.817898
1.395000 0.820115
1.396250 0.822323
1.397500 0.824523
1.398750 0.826715
1.400000 0.828898
1.401250 0.831072
1.402500 0.833237
1.403750 0.835393
1.405000 0.837540
1.406250 0.839678
1.407500 0.841807
1.408750 0.843926
1.410000 0.846035
1.411250 0.848135
1.412500 0.850226
1.413750 0.852306
1.415000 0.854377
1.416250 0.856437
1.417500 0.858487
1.418750 0.860527
1.420000 0.862557
1.421250 0.864576
1.422500 0.866585
1.423750 0.868583
1.425000 0.870570
1.426250 0.872546
1.427500 0.874512
1.428750 0.876466
1.430000 0.878409
1.431250 0.880341
1.432500 0.882261
1.433750 0.884170
1.435000 0.886067
1.436250 0.887953
1.437500 0.889827
1.438750 0.891688
1.440000 0.893538
1.441250 0.895376
1.442500 0.897201
1.443750 0.899014
1.445000 0.900815
1.446250 0.902603
1.447500 0.904378
1.448750 0.906141
1.450000 0.907890
1.451250 0.909627
1.452500 0.911351
1.453750 0.913061
1.455000 0.914758
1.456250 0.916442
1.457500 0.918112
1.458750 0.919769
1.460000 0.921412
1.461250 0.923041
1.462500 0.924656
1.463750 0.926257
1.465000 0.927844
1.466250 0.929417
1.467500 0.930976
1.468750 0.932520
1.470000 0.934049
1.471250 0.935564
1.472500 0.937064
1.473750 0.938550
1.475000 0.940020
1.476250 0.941475
1.477500 0.942915
1.478750 0.944340
1.480000 0.945749
1.481250 0.947143
1.482500 0.948521
1.483750 0.949884
1.485000 0.951231
1.486250 0.952561
1.487500 0.953876
1.488750 0.955175
1.490000 0.956457
1.491250 0.957724
1.492500 0.958973
1.493750 0.960206
1.495000 0.961423
1.496250 0.962623
1.497500 0.963806
1.498750 0.964972
1.500000 0.966121
1.501250 0.967252
1.502500 0.968367
1.503750 0.969464
1.505000 0.970544
1.506250 0.971606
1.507500 0.972650
1.508750 0.973677
1.510000 0.974685
1.511250 0.975676
1.512500 0.976648
1.513750 0.977603
1.515000 0.978539
1.516250 0.979456
1.517500 0.980355
1.518750 0.981236
1.520000 0.982097
1.521250 0.982940
1.522500 0.983764
1.523750 0.984569
1.525000 0.985355
1.526250 0.986121
1.527500 0.986868
1.528750 0.987596
1.530000 0.988304
1.531250 0.988992
1.532500 0.989660
1.533750 0.990309
1.535000 0.990938
1.536250 0.991546
1.537500 0.992135
1.538750 0.992703
1.540000 0.993250
1.541250 0.993777
1.542500 0.994284
1.543750 0.994769
1.545000 0.995234
1.546250 0.995678
1.547500 0.996101
1.548750 0.996503
1.550000 0.996883
1.551250 0.997243
1.552500 0.997580
1.553750 0.997896
1.555000 0.998191
1.556250 0.998463
1.557500 0.998714
1.558750 0.998943
1.560000 0.999150
1.561250 0.999334
1.562500 0.999496
1.563750 0.999636
1.565000 0.999753
1.566250 0.999848
1.567500 0.999920
1.568750 0.999969
1.570000 0.999995
1.571250 0.999998
1.572500 0.999979
1.573750 0.999936
1.575000 0.999870
1.576250 0.999782
1.577500 0.999670
1.578750 0.999537
1.580000 0.999381
1.581250 0.999202
1.582500 0.999002
1.583750 0.998779
1.585000 0.998534
1.586250 0.998267
1.587500 0.997979
1.588750 0.997669
1.590000 0.997337
1.591250 0.996984
1.592500 0.996609
1.593750 0.996213
1.595000 0.995796
1.596250 0.995358
1.597500 0.994899
1.598750 0.994419
1.600000 0.993918
1.601250 0.993396
1.602500 0.992854
1.603750 0.992292
1.605000 0.991709
1.606250 0.991106
1.607500 0.990483
1.608750 0.989840
1.610000 0.989177
1.611250 0.988494
1.612500 0.987791
1.613750 0.987069
1.615000 0.986327
1.616250 0.985566
1.617500 0.984786
1.618750 0.983986
1.620000 0.983168
1.621250 0.982330
1.622500 0.981473
1.623750 0.980598
1.625000 0.979704
1.626250 0.978792
1.627500 0.977861
1.628750 0.976911
1.630000 0.975944
1.631250 0.974958
1.632500 0.973954
1.633750 0.972933
1.635000 0.971893
1.636250 0.970836
1.637500 0.969761
1.638750 0.968669
1.640000 0.967559
1.641250 0.966432
1.642500 0.965288
1.643750 0.964127
1.645000 0.962948
1.646250 0.961753
1.647500 0.960541
1.648750 0.959312
1.650000 0.958067
1.651250 0.956806
1.652500 0.955528
1.653750 0.954233
1.655000 0.952923
1.656250 0.951596
1.657500 0.950254
1.658750 0.948896
1.660000 0.947522
1.661250 0.946132
1.662500 0.944727
1.663750 0.943306
1.665000 0.941871
1.666250 0.940420
1.667500 0.938953
1.668750 0.937472
1.670000 0.935976
1.671250 0.934465
1.672500 0.932940
1.673750 0.931400
1.675000 0.929845
1.676250 0.928276
1.677500 0.926693
1.678750 0.925096
1.680000 0.923484
1.681250 0.921859
1.682500 0.920220
1.683750 0.918567
1.685000 0.916900
1.686250 0.915220
1.687500 0.913527
1.688750 0.911820
1.690000 0.910100
1.691250 0.908367
1.692500 0.906621
1.693750 0.904862
1.695000 0.903090
1.696250 0.901305
1.697500 0.899508
1.698750 0.897698
1.700000 0.895876
1.701250 0.894042
1.702500 0.892196
1.703750 0.890337
1.705000 0.888467
1.706250 0.886585
1.707500 0.884691
1.708750 0.882785
1.710000 0.880868
1.711250 0.878939
1.712500 0.876999
1.713750 0.875048
1.715000 0.873085
1.716250 0.871112
1.717500 0.869128
1.718750 0.867133
1.720000 0.865127
1.721250 0.863111
1.722500 0.861084
1.723750 0.859047
1.725000 0.856999
1.726250 0.854941
1.727500 0.852874
1.728750 0.850796
1.730000 0.848708
1.731250 0.846611
1.732500 0.844504
1.733750 0.842388
1.735000 0.840262
1.736250 0.838126
1.737500 0.835982
1.738750 0.833828
1.740000 0.831665
1.741250 0.829494
1.742500 0.827313
1.743750 0.825124
1.745000 0.822926
1.746250 0.820720
1.747500 0.818505
1.748750 0.816283
1.750000 0.814051
1.751250 0.811812
1.752500 0.809565
1.753750 0.807310
1.755000 0.805047
1.756250 0.802777
1.757500 0.800499
1.758750 0.798213
1.760000 0.795920
1.761250 0.793620
1.762500 0.791313
1.763750 0.788999
1.765000 0.786678
1.766250 0.784350
1.767500 0.782015
1.768750 0.779674
1.770000 0.777326
1.771250 0.774972
1.772500 0.772611
1.773750 0.770244
1.775000 0.767872
1.776250 0.765493
1.777500 0.763108
1.778750 0.760718
1.780000 0.758322
1.781250 0.755920
1.782500 0.753513
1.783750 0.751100
1.785000 0.748682
1.786250 0.746259
1.787500 0.743832
1.788750 0.741399
1.790000 0.738961
1.791250 0.736518
1.792500 0.734071
1.793750 0.731620
1.795000 0.729164
1.796250 0.726704
1.797500 0.724239
1.798750 0.721770
1.800000 0.719298
1.801250 0.716821
1.802500 0.714341
1.803750 0.711857
1.805000 0.709370
1.806250 0.706879
1.807500 0.704384
1.808750 0.701887
1.810000 0.699386
1.811250 0.696882
1.812500 0.694375
1.813750 0.691866
1.815000 0.689353
1.816250 0.686838
1.817500 0.684321
1.818750 0.681801
1.820000 0.679278
1.821250 0.676754
1.822500 0.674227
1.823750 0.671699
1.825000 0.669168
1.826250 0.666636
1.827500 0.664102
1.828750 0.661567
1.830000 0.659030
1.831250 0.656491
1.832500 0.653951
1.833750 0.651411
1.835000 0.648869
1.836250 0.646326
1.837500 0.643782
1.838750 0.641238
1.840000 0.638693
1.841250 0.636147
1.842500 0.633601
1.843750 0.631055
1.845000 0.628508
1.846250 0.625961
1.847500 0.623414
1.848750 0.620868
1.850000 0.618321
1.851250 0.615775
1.852500 0.613229
1.853750 0.610684
1.855000 0.608140
1.856250 0.605596
1.857500 0.603053
1.858750 0.600511
1.860000 0.597969
1.861250 0.595429
1.862500 0.592891
1.863750 0.590353
1.865000 0.587818
1.866250 0.585283
1.867500 0.582750
1.868750 0.580220
1.870000 0.577691
1.871250 0.575163
1.872500 0.572638
1.873750 0.570116
1.875000 0.567595
1.876250 0.565077
1.877500 0.562561
1.878750 0.560048
1.880000 0.557538
1.881250 0.555031
1.882500 0.552526
1.883750 0.550025
1.885000 0.547528
1.886250 0.545033
1.887500 0.542541
1.888750 0.540052
1.890000 0.537567
1.891250 0.535085
1.892500 0.532606
1.893750 0.530131
1.895000 0.527659
1.896250 0.525191
1.897500 0.522725
1.898750 0.520264
1.900000 0.517806
1.901250 0.515351
1.902500 0.512900
1.903750 0.510452
1.905000 0.508008
1.906250 0.505567
1.907500 0.503130
1.908750 0.500697
1.910000 0.498267
1.911250 0.495841
1.912500 0.493419
1.913750 0.491000
1.915000 0.488585
1.916250 0.486174
1.917500 0.483767
1.918750 0.481363
1.920000 0.478963
1.921250 0.476567
1.922500 0.474175
1.923750 0.471787
1.925000 0.469402
1.926250 0.467022
1.927500 0.464646
1.928750 0.462273
1.930000 0.459904
1.931250 0.457540
1.932500 0.455179
1.933750 0.452823
1.935000 0.450470
1.936250 0.448122
1.937500 0.445778
1.938750 0.443438
1.940000 0.441102
1.941250 0.438770
1.942500 0.436442
1.943750 0.434119
1.945000 0.431800
1.946250 0.429485
1.947500 0.427174
1.948750 0.424868
1.950000 0.422566
1.951250 0.420268
1.952500 0.417975
1.953750 0.415686
1.955000 0.413401
1.956250 0.411121
1.957500 0.408846
1.958750 0.406574
1.960000 0.404308
1.961250 0.402046
1.962500 0.399788
1.963750 0.397535
1.965000 0.395286
1.966250 0.393043
1.967500 0.390803
1.968750 0.388569
1.970000 0.386339
1.971250 0.384113
1.972500 0.381893
1.973750 0.379677
1.975000 0.377466
1.976250 0.375259
1.977500 0.373058
1.978750 0.370861
1.980000 0.368669
1.981250 0.366482
1.982500 0.364300
1.983750 0.362123
1.985000 0.359950
1.986250 0.357783
1.987500 0.355621
1.988750 0.353463
1.990000 0.351311
1.991250 0.349163
1.992500 0.347021
1.993750 0.344883
1.995000 0.342751
1.996250 0.340624
1.997500 0.338502
1.998750 0.336385
2.000000 0.334274
2.001250 0.332167
2.002500 0.330066
2.003750 0.327970
2.005000 0.325879
2.006250 0.323794
2.007500 0.321713
2.008750 0.319639
2.010000 0.317569
2.011250 0.315505
2.012500 0.313446
2.013750 0.311393
2.015000 0.309345
2.016250 0.307303
2.017500 0.305266
2.018750 0.303234
2.020000 0.301208
2.021250 0.299188
2.022500 0.297173
2.023750 0.295164
2.025000 0.293160
2.026250 0.291162
2.027500 0.289169
2.028750 0.287183
2.030000 0.285202
2.031250 0.283226
2.032500 0.281257
2.033750 0.279293
2.035000 0.277335
2.036250 0.275382
2.037500 0.273436
2.038750 0.271495
2.040000 0.269560
2.041250 0.267631
2.042500 0.265708
2.043750 0.263791
2.045000 0.261880
2.046250 0.259975
2.047500 0.258076
2.048750 0.256182
2.050000 0.254295
2.051250 0.252414
2.052500 0.250539
2.053750 0.248670
2.055000 0.246807
2.056250 0.244950
2.057500 0.243100
2.058750 0.241256
2.060000 0.239417
2.061250 0.237585
2.062500 0.235760
2.063750 0.233940
2.065000 0.232127
2.066250 0.230320
2.067500 0.228520
2.068750 0.226725
2.070000 0.224938
2.071250 0.223156
2.072500 0.221381
2.073750 0.219613
2.075000 0.217850
2.076250 0.216095
2.077500 0.214346
2.078750 0.212603
2.080000 0.210867
2.081250 0.209137
2.082500 0.207414
2.083750 0.205698
2.085000 0.203988
2.086250 0.202285
2.087500 0.200589
2.088750 0.198899
2.090000 0.197216
2.091250 0.195540
2.092500 0.193870
2.093750 0.192208
2.095000 0.190552
2.096250 0.188902
2.097500 0.187260
2.098750 0.185625
2.100000 0.183996
2.101250 0.182375
2.102500 0.180760
2.103750 0.179152
2.105000 0.177551
2.106250 0.175957
2.107500 0.174371
2.108750 0.172791
2.110000 0.171218
2.111250 0.169652
2.112500 0.168094
2.113750 0.166542
2.115000 0.164998
2.116250 0.163461
2.117500 0.161931
2.118750 0.160408
2.120000 0.158893
2.121250 0.157385
2.122500 0.155883
2.123750 0.154390
2.125000 0.152903
2.126250 0.151424
2.127500 0.149952
2.128750 0.148488
2.130000 0.147031
2.131250 0.145582
2.132500 0.144139
2.133750 0.142705
2.135000 0.141278
2.136250 0.139858
2.137500 0.138446
2.138750 0.137041
2.140000 0.135644
2.141250 0.134255
2.142500 0.132873
2.143750 0.131498
2.145000 0.130132
2.146250 0.128773
2.147500 0.127422
2.148750 0.126078
2.150000 0.124742
2.151250 0.123414
2.152500 0.122094
2.153750 0.120782
2.155000 0.119477
2.156250 0.118180
2.157500 0.116891
2.158750 0.115610
2.160000 0.114337
2.161250 0.113072
2.162500 0.111815
2.163750 0.110566
2.165000 0.109324
2.166250 0.108091
2.167500 0.106866
2.168750 0.105649
2.170000 0.104440
2.171250 0.103239
2.172500 0.102046
2.173750 0.100861
2.175000 0.099684
2.176250 0.098516
2.177500 0.097356
2.178750 0.096204
2.180000 0.095060
2.181250 0.093925
2.182500 0.092798
2.183750 0.091679
2.185000 0.090568
2.186250 0.089466
2.187500 0.088372
2.188750 0.087287
2.190000 0.086210
2.191250 0.085141
2.192500 0.084081
2.193750 0.083030
2.195000 0.081987
2.196250 0.080952
2.197500 0.079926
2.198750 0.078909
2.200000 0.077900
2.201250 0.076899
2.202500 0.075908
2.203750 0.074924
2.205000 0.073950
2.206250 0.072983
2.207500 0.072025
2.208750 0.071076
2.210000 0.070134
2.211250 0.069201
2.212500 0.068277
2.213750 0.067360
2.215000 0.066452
2.216250 0.065551
2.217500 0.064659
2.218750 0.063775
2.220000 0.062899
2.221250 0.062031
2.222500 0.061171
2.223750 0.060319
2.225000 0.059475
2.226250 0.058639
2.227500 0.057810
2.228750 0.056989
2.230000 0.056176
2.231250 0.055371
2.232500 0.054573
2.233750 0.053783
2.235000 0.053001
2.236250 0.052226
2.237500 0.051459
2.238750 0.050699
2.240000 0.049947
2.241250 0.049202
2.242500 0.048465
2.243750 0.047734
2.245000 0.047012
2.246250 0.046296
2.247500 0.045588
2.248750 0.044887
2.250000 0.044193
2.251250 0.043506
2.252500 0.042827
2.253750 0.042154
2.255000 0.041489
2.256250 0.040830
2.257500 0.040179
2.258750 0.039534
2.260000 0.038896
2.261250 0.038265
2.262500 0.037641
2.263750 0.037024
2.265000 0.036414
2.266250 0.035810
2.267500 0.035213
2.268750 0.034622
2.270000 0.034038
2.271250 0.033461
2.272500 0.032890
2.273750 0.032326
2.275000 0.031768
2.276250 0.031217
2.277500 0.030672
2.278750 0.030133
2.280000 0.029601
2.281250 0.029075
2.282500 0.028555
2.283750 0.028042
2.285000 0.027535
2.286250 0.027033
2.287500 0.026538
2.288750 0.026049
2.290000 0.025566
2.291250 0.025089
2.292500 0.024618
2.293750 0.024153
2.295000 0.023694
2.296250 0.023241
2.297500 0.022793
2.298750 0.022352
2.300000 0.021916
2.301250 0.021485
2.302500 0.021061
2.303750 0.020642
2.305000 0.020229
2.306250 0.019821
2.307500 0.019419
2.308750 0.019022
2.310000 0.018631
2.311250 0.018245
2.312500 0.017865
2.313750 0.017490
2.315000 0.017120
2.316250 0.016756
2.317500 0.016396
2.318750 0.016042
2.320000 0.015694
2.321250 0.015350
2.322500 0.015012
2.323750 0.014678
2.325000 0.014350
2.326250 0.014026
2.327500 0.013708
2.328750 0.013394
2.330000 0.013086
2.331250 0.012782
2.332500 0.012483
2.333750 0.012189
2.335000 0.011900
2.336250 0.011615
2.337500 0.011335
2.338750 0.011060
2.340000 0.010789
2.341250 0.010523
2.342500 0.010261
2.343750 0.010004
2.345000 0.009752
2.346250 0.009503
2.347500 0.009260
2.348750 0.009020
2.350000 0.008785
2.351250 0.008554
2.352500 0.008328
2.353750 0.008105
2.355000 0.007887
2.356250 0.007673
2.357500 0.007463
2.358750 0.007257
2.360000 0.007056
2.361250 0.006858
2.362500 0.006664
2.363750 0.006474
2.365000 0.006288
2.366250 0.006106
2.367500 0.005928
2.368750 0.005753
2.370000 0.005582
2.371250 0.005415
2.372500 0.005252
2.373750 0.005092
2.375000 0.004936
2.376250 0.004784
2.377500 0.004635
2.378750 0.004489
2.380000 0.004347
2.381250 0.004209
2.382500 0.004073
2.383750 0.003942
2.385000 0.003813
2.386250 0.003688
2.387500 0.003566
2.388750 0.003447
2.390000 0.003332
2.391250 0.003219
2.392500 0.003110
2.393750 0.003004
2.395000 0.002901
2.396250 0.002801
2.397500 0.002703
2.398750 0.002609
2.400000 0.002518
2.401250 0.002429
2.402500 0.002344
2.403750 0.002261
2.405000 0.002181
2.406250 0.002103
2.407500 0.002029
2.408750 0.001957
2.410000 0.001887
2.411250 0.001820
2.412500 0.001756
2.413750 0.001694
2.415000 0.001635
2.416250 0.001578
2.417500 0.001523
2.418750 0.001471
2.420000 0.001421
2.421250 0.001374
2.422500 0.001329
2.423750 0.001286
2.425000 0.001245
2.426250 0.001206
2.427500 0.001169
2.428750 0.001135
2.430000 0.001102
2.431250 0.001072
2.432500 0.001043
2.433750 0.001017
2.435000 0.000992
2.436250 0.000969
2.437500 0.000948
2.438750 0.000929
2.440000 0.000912
2.441250 0.000896
2.442500 0.000882
2.443750 0.000870
2.445000 0.000859
2.446250 0.000850
2.447500 0.000842
2.448750 0.000836
2.450000 0.000831
2.451250 0.000828
2.452500 0.000826
2.453750 0.000826
2.455000 0.000827
2.456250 0.000829
2.457500 0.000832
2.458750 0.000837
2.460000 0.000843
2.461250 0.000850
2.462500 0.000858
2.463750 0.000867
2.465000 0.000877
2.466250 0.000889
2.467500 0.000901
2.468750 0.000914
2.470000 0.000928
2.471250 0.000943
2.472500 0.000959
2.473750 0.000975
2.475000 0.000992
2.476250 0.001010
2.477500 0.001029
2.478750 0.001049
2.480000 0.001068
2.481250 0.001089
2.482500 0.001110
2.483750 0.001132
2.485000 0.001154
2.486250 0.001176
2.487500 0.001199
2.488750 0.001223
2.490000 0.001246
2.491250 0.001270
2.492500 0.001294
2.493750 0.001319
2.495000 0.001343
2.496250 0.001368
2.497500 0.001393
2.498750 0.001418
2.500000 0.001443
2.501250 0.001468
2.502500 0.001493
2.503750 0.001517
2.505000 0.001542
2.506250 0.001567
2.507500 0.001591
2.508750 0.001616
2.510000 0.001640
2.511250 0.001663
2.512500 0.001687
2.513750 0.001710
2.515000 0.001732
2.516250 0.001755
2.517500 0.001777
2.518750 0.001799
2.520000 0.001820
2.521250 0.001841
2.522500 0.001861
2.523750 0.001881
2.525000 0.001901
2.526250 0.001921
2.527500 0.001940
2.528750 0.001959
2.530000 0.001977
2.531250 0.001995
2.532500 0.002013
2.533750 0.002030
2.535000 0.002047
2.536250 0.002064
2.537500 0.002081
2.538750 0.002097
2.540000 0.002112
2.541250 0.002128
2.542500 0.002143
2.543750 0.002157
2.545000 0.002172
2.546250 0.002186
2.547500 0.002199
2.548750 0.002213
2.550000 0.002226
2.551250 0.002239
2.552500 0.002251
2.553750 0.002263
2.555000 0.002275
2.556250 0.002286
2.557500 0.002297
2.558750 0.002308
2.560000 0.002319
2.561250 0.002329
2.562500 0.002339
2.563750 0.002348
2.565000 0.002358
2.566250 0.002367
2.567500 0.002375
2.568750 0.002384
2.570000 0.002392
2.571250 0.002400
2.572500 0.002407
2.573750 0.002414
2.575000 0.002421
2.576250 0.002428
2.577500 0.002434
2.578750 0.002440
2.580000 0.002446
2.581250 0.002451
2.582500 0.002456
2.583750 0.002461
2.585000 0.002466
2.586250 0.002470
2.587500 0.002474
2.588750 0.002478
2.590000 0.002482
2.591250 0.002485
2.592500 0.002488
2.593750 0.002490
2.595000 0.002493
2.596250 0.002495
2.597500 0.002497
2.598750 0.002498
2.600000 0.002500
2.601250 0.002501
2.602500 0.002502
2.603750 0.002502
2.605000 0.002503
2.606250 0.002503
2.607500 0.002502
2.608750 0.002502
2.610000 0.002501
2.611250 0.002500
2.612500 0.002499
2.613750 0.002498
2.615000 0.002496
2.616250 0.002494
2.617500 0.002492
2.618750 0.002490
2.620000 0.002487
2.621250 0.002484
2.622500 0.002481
2.623750 0.002478
2.625000 0.002474
2.626250 0.002471
2.627500 0.002467
2.628750 0.002462
2.630000 0.002458
2.631250 0.002453
2.632500 0.002448
2.633750 0.002443
2.635000 0.002438
2.636250 0.002432
2.637500 0.002427
2.638750 0.002421
2.640000 0.002414
2.641250 0.002408
2.642500 0.002401
2.643750 0.002395
2.645000 0.002388
2.646250 0.002380
2.647500 0.002373
2.648750 0.002365
2.650000 0.002358
2.651250 0.002350
2.652500 0.002341
2.653750 0.002333
2.655000 0.002324
2.656250 0.002316
2.657500 0.002307
2.658750 0.002297
2.660000 0.002288
2.661250 0.002278
2.662500 0.002269
2.663750 0.002259
2.665000 0.002249
2.666250 0.002239
2.667500 0.002228
2.668750 0.002217
2.670000 0.002207
2.671250 0.002196
2.672500 0.002185
2.673750 0.002173
2.675000 0.002162
2.676250 0.002150
2.677500 0.002138
2.678750 0.002127
2.680000 0.002114
2.681250 0.002102
2.682500 0.002090
2.683750 0.002077
2.685000 0.002064
2.686250 0.002052
2.687500 0.002038
2.688750 0.002025
2.690000 0.002012
2.691250 0.001998
2.692500 0.001985
2.693750 0.001971
2.695000 0.001957
2.696250 0.001943
2.697500 0.001929
2.698750 0.001915
2.700000 0.001900
2.701250 0.001885
2.702500 0.001871
2.703750 0.001856
2.705000 0.001841
2.706250 0.001826
2.707500 0.001811
2.708750 0.001795
2.710000 0.001780
2.711250 0.001764
2.712500 0.001748
2.713750 0.001732
2.715000 0.001716
2.716250 0.001700
2.717500 0.001684
2.718750 0.001668
2.720000 0.001651
2.721250 0.001635
2.722500 0.001618
2.723750 0.001602
2.725000 0.001585
2.726250 0.001568
2.727500 0.001551
2.728750 0.001534
2.730000 0.001516
2.731250 0.001499
2.732500 0.001482
2.733750 0.001464
2.735000 0.001446
2.736250 0.001429
2.737500 0.001411
2.738750 0.001393
2.740000 0.001375
2.741250 0.001357
2.742500 0.001339
2.743750 0.001321
2.745000 0.001302
2.746250 0.001284
2.747500 0.001266
2.748750 0.001247
2.750000 0.001228
2.751250 0.001210
2.752500 0.001191
2.753750 0.001172
2.755000 0.001153
2.756250 0.001134
2.757500 0.001115
2.758750 0.001096
2.760000 0.001077
2.761250 0.001058
2.762500 0.001039
2.763750 0.001020
2.765000 0.001000
2.766250 0.000981
2.767500 0.000961
2.768750 0.000942
2.770000 0.000922
2.771250 0.000903
2.772500 0.000883
2.773750 0.000863
2.775000 0.000844
2.776250 0.000824
2.777500 0.000804
2.778750 0.000784
2.780000 0.000765
2.781250 0.000745
2.782500 0.000725
2.783750 0.000705
2.785000 0.000685
2.786250 0.000665
2.787500 0.000645
2.788750 0.000625
2.790000 0.000605
2.791250 0.000585
2.792500 0.000564
2.793750 0.000544
2.795000 0.000524
2.796250 0.000504
2.797500 0.000484
2.798750 0.000464
2.800000 0.000443
2.801250 0.000423
2.802500 0.000403
2.803750 0.000383
2.805000 0.000363
2.806250 0.000342
2.807500 0.000322
2.808750 0.000302
2.810000 0.000282
2.811250 0.000261
2.812500 0.000241
2.813750 0.000221
2.815000 0.000201
2.816250 0.000181
2.817500 0.000161
2.818750 0.000140
2.820000 0.000120
2.821250 0.000100
2.822500 0.000080
2.823750 0.000060
2.825000 0.000040
2.826250 0.000020
2.827500 -0.000000
2.828750 -0.000020
2.830000 -0.000040
2.831250 -0.000060
2.832500 -0.000080
2.833750 -0.000100
2.835000 -0.000119
2.836250 -0.000139
2.837500 -0.000159
2.838750 -0.000179
2.840000 -0.000198
2.841250 -0.000218
2.842500 -0.000238
2.843750 -0.000257
2.845000 -0.000277
2.846250 -0.000296
2.847500 -0.000315
2.848750 -0.000335
2.850000 -0.000354
2.851250 -0.000373
2.852500 -0.000392
2.853750 -0.000411
2.855000 -0.000430
2.856250 -0.000449
2.857500 -0.000468
2.858750 -0.000487
2.860000 -0.000506
2.861250 -0.000525
2.862500 -0.000543
2.863750 -0.000562
2.865000 -0.000580
2.866250 -0.000599
2.867500 -0.000617
2.868750 -0.000636
2.870000 -0.000654
2.871250 -0.000672
2.872500 -0.000690
2.873750 -0.000708
2.875000 -0.000726
2.876250 -0.000743
2.877500 -0.000761
2.878750 -0.000779
2.880000 -0.000796
2.881250 -0.000814
2.882500 -0.000831
2.883750 -0.000848
2.885000 -0.000865
2.886250 -0.000882
2.887500 -0.000899
2.888750 -0.000916
2.890000 -0.000933
2.891250 -0.000949
2.892500 -0.000966
2.893750 -0.000982
2.895000 -0.000999
2.896250 -0.001015
2.897500 -0.001031
2.898750 -0.001047
2.900000 -0.001063
2.901250 -0.001078
2.902500 -0.001094
2.903750 -0.001109
2.905000 -0.001125
2.906250 -0.001140
2.907500 -0.001155
2.908750 -0.001170
2.910000 -0.001185
2.911250 -0.001200
2.912500 -0.001214
2.913750 -0.001229
2.915000 -0.001243
2.916250 -0.001257
2.917500 -0.001271
2.918750 -0.001285
2.920000 -0.001299
2.921250 -0.001312
2.922500 -0.001326
2.923750 -0.001339
2.925000 -0.001352
2.926250 -0.001365
2.927500 -0.001378
2.928750 -0.001391
2.930000 -0.001403
2.931250 -0.001416
2.932500 -0.001428
2.933750 -0.001440
2.935000 -0.001452
2.936250 -0.001464
2.937500 -0.001475
2.938750 -0.001487
2.940000 -0.001498
2.941250 -0.001509
2.942500 -0.001520
2.943750 -0.001531
2.945000 -0.001541
2.946250 -0.001552
2.947500 -0.001562
2.948750 -0.001572
2.950000 -0.001582
2.951250 -0.001592
2.952500 -0.001601
2.953750 -0.001610
2.955000 -0.001619
2.956250 -0.001628
2.957500 -0.001637
2.958750 -0.001646
2.960000 -0.001654
2.961250 -0.001662
2.962500 -0.001670
2.963750 -0.001678
2.965000 -0.001686
2.966250 -0.001693
2.967500 -0.001700
2.968750 -0.001707
2.970000 -0.001714
2.971250 -0.001720
2.972500 -0.001727
2.973750 -0.001733
2.975000 -0.001739
2.976250 -0.001744
2.977500 -0.001750
2.978750 -0.001755
2.980000 -0.001760
2.981250 -0.001765
2.982500 -0.001770
2.983750 -0.001774
2.985000 -0.001778
2.986250 -0.001782
2.987500 -0.001786
2.988750 -0.001790
2.990000 -0.001793
2.991250 -0.001796
2.992500 -0.001799
2.993750 -0.001801
2.995000 -0.001804
2.996250 -0.001806
2.997500 -0.001808
2.998750 -0.001809
3.000000 -0.001810
3.001250 -0.001812
3.002500 -0.001812
3.003750 -0.001813
3.005000 -0.001813
3.006250 -0.001814
3.007500 -0.001813
3.008750 -0.001813
3.010000 -0.001812
3.011250 -0.001812
3.012500 -0.001810
3.013750 -0.001809
3.015000 -0.001807
3.016250 -0.001805
3.017500 -0.001803
3.018750 -0.001801
3.020000 -0.001798
3.021250 -0.001795
3.022500 -0.001792
3.023750 -0.001788
3.025000 -0.001784
3.026250 -0.001780
3.027500 -0.001776
3.028750 -0.001771
3.030000 -0.001766
3.031250 -0.001761
3.032500 -0.001756
3.033750 -0.001750
3.035000 -0.001744
3.036250 -0.001737
3.037500 -0.001731
3.038750 -0.001724
3.040000 -0.001716
3.041250 -0.001709
3.042500 -0.001701
3.043750 -0.001693
3.045000 -0.001684
3.046250 -0.001676
3.047500 -0.001667
3.048750 -0.001657
3.050000 -0.001648
3.051250 -0.001638
3.052500 -0.001627
3.053750 -0.001617
3.055000 -0.001606
3.056250 -0.001595
3.057500 -0.001583
3.058750 -0.001571
3.060000 -0.001559
3.061250 -0.001547
3.062500 -0.001534
3.063750 -0.001521
3.065000 -0.001507
3.066250 -0.001494
3.067500 -0.001480
3.068750 -0.001465
3.070000 -0.001450
3.071250 -0.001435
3.072500 -0.001420
3.073750 -0.001404
3.075000 -0.001388
3.076250 -0.001372
3.077500 -0.001355
3.078750 -0.001338
3.080000 -0.001320
3.081250 -0.001302
3.082500 -0.001284
3.083750 -0.001266
3.085000 -0.001247
3.086250 -0.001228
3.087500 -0.001208
3.088750 -0.001188
3.090000 -0.001168
3.091250 -0.001147
3.092500 -0.001126
3.093750 -0.001105
3.095000 -0.001083
3.096250 -0.001061
3.097500 -0.001039
3.098750 -0.001016
3.100000 -0.000993
3.101250 -0.000969
3.102500 -0.000945
3.103750 -0.000921
3.105000 -0.000896
3.106250 -0.000871
3.107500 -0.000846
3.108750 -0.000820
3.110000 -0.000794
3.111250 -0.000767
3.112500 -0.000740
3.113750 -0.000713
3.115000 -0.000685
3.116250 -0.000657
3.117500 -0.000628
3.118750 -0.000599
3.120000 -0.000570
3.121250 -0.000540
3.122500 -0.000510
3.123750 -0.000480
3.125000 -0.000449
3.126250 -0.000417
3.127500 -0.000386
3.128750 -0.000354
3.130000 -0.000321
3.131250 -0.000288
3.132500 -0.000255
3.133750 -0.000221
3.135000 -0.000187
3.136250 -0.000152
3.137500 -0.000117
3.138750 -0.000082
3.140000 -0.000046
