0.000000 0.314159 14.916759 -11.052428 2.000000 0.000000
0.314159 0.628319 -4.167053 3.006286 -0.527770 0.000001
0.628319 0.942478 4.122349 -0.921068 0.127321 0.001701
0.942478 1.256637 -2.102499 2.964155 0.769175 0.078613
1.256637 1.570796 -8.893882 0.982596 2.009083 0.547616
1.570796 1.884956 9.033825 -7.399689 -0.006906 1.000000
1.884956 2.199115 1.402768 1.114491 -1.981459 0.547616
2.199115 2.513274 -1.463369 2.436570 -0.865860 0.078613
2.513274 2.827433 -5.769140 1.057377 0.231795 0.001701
2.827433 3.141593 22.169028 -4.379910 -0.812009 0.000001
