0.000000 0.314159 -0.134597 0.135463 -0.029270 0.000000
0.314159 0.628319 -0.134597 0.008608 0.015991 0.000001
0.628319 0.942478 3.043885 -0.118247 -0.018453 0.001701
0.942478 1.256637 -1.821095 2.750547 0.808508 0.078613
1.256637 1.570796 -8.941035 1.034205 1.997523 0.547616
1.570796 1.884956 8.941031 -7.392520 0.000000 1.000000
1.884956 2.199115 1.821096 1.034205 -1.997523 0.547616
2.199115 2.513274 -3.043885 2.750547 -0.808508 0.078613
2.513274 2.827433 0.134597 -0.118247 0.018453 0.001701
2.827433 3.141593 0.134597 0.008608 -0.015991 0.000001
