0.000000 0.314159 0.047647 0.000000 -0.004700 0.000000
0.314159 0.628319 -0.183434 0.044906 0.009408 0.000001
0.628319 0.942478 3.056987 -0.127976 -0.016690 0.001701
0.942478 1.256637 -1.824668 2.753166 0.808038 0.078613
1.256637 1.570796 -8.939844 1.033457 1.997641 0.547616
1.570796 1.884956 8.939840 -7.392146 0.000000 1.000000
1.884956 2.199115 1.824669 1.033456 -1.997641 0.547616
2.199115 2.513274 -3.056988 2.753167 -0.808038 0.078613
2.513274 2.827433 0.183434 -0.127976 0.016690 0.001701
2.827433 3.141593 -0.047647 0.044906 -0.009408 0.000001
